# File: Cold_aq_density_v6.2.dat
# Creation time: 2023-04-17T17:23:48.000  +0200
#
# Based on marginalized debiasing from
# /home/petit/Research/OSSOS/data/Simulations/Bias-aq-i-H-v6.3-All_Surveys/Simulation-2023-04-14T16.30/All_Surveys_v12-free-cla_m.detections-full
#
# a_min = 39.5
# a_step = 0.1
# q_min = 34.5
# q_step = 0.1
#
# Bandwidth = 0.20
#
# Hcut =  8.7
#
#  a      q     dens
 42.41  39.01 0.000119
 42.41  39.11 0.000278
 42.41  39.21 0.000578
 42.41  39.31 0.001071
 42.41  39.41 0.001789
 42.41  39.51 0.002753
 42.41  39.61 0.004018
 42.41  39.71 0.005729
 42.41  39.81 0.008092
 42.41  39.91 0.011181
 42.41  40.01 0.014724
 42.41  40.11 0.018136
 42.41  40.21 0.020941
 42.41  40.31 0.023275
 42.41  40.41 0.025923
 42.41  40.51 0.029698
 42.41  40.61 0.034641
 42.41  40.71 0.039731
 42.41  40.81 0.043428
 42.41  40.91 0.044627
 42.41  41.01 0.043311
 42.41  41.11 0.040417
 42.41  41.21 0.037071
 42.41  41.31 0.033869
 42.41  41.41 0.030814
 42.41  41.51 0.027797
 42.41  41.61 0.025016
 42.41  41.71 0.022853
 42.41  41.81 0.021445
 42.41  41.91 0.020434
 42.41  42.01 0.019143
 42.41  42.11 0.017007
 42.41  42.21 0.013928
 42.41  42.31 0.010319
 42.51  39.01 0.000238
 42.51  39.11 0.000551
 42.51  39.21 0.001124
 42.51  39.31 0.002034
 42.51  39.41 0.003303
 42.51  39.51 0.004901
 42.51  39.61 0.006830
 42.51  39.71 0.009237
 42.51  39.81 0.012412
 42.51  39.91 0.016546
 42.51  40.01 0.021396
 42.51  40.11 0.026239
 42.51  40.21 0.030380
 42.51  40.31 0.033876
 42.51  40.41 0.037701
 42.51  40.51 0.042999
 42.51  40.61 0.049934
 42.51  40.71 0.057156
 42.51  40.81 0.062449
 42.51  40.91 0.064102
 42.51  41.01 0.061973
 42.51  41.11 0.057439
 42.51  41.21 0.052333
 42.51  41.31 0.047795
 42.51  41.41 0.043977
 42.51  41.51 0.040649
 42.51  41.61 0.037847
 42.51  41.71 0.035872
 42.51  41.81 0.034775
 42.51  41.91 0.033977
 42.51  42.01 0.032463
 42.51  42.11 0.029365
 42.51  42.21 0.024517
 42.51  42.31 0.018577
 42.51  42.41 0.012653
 42.61  39.01 0.000413
 42.61  39.11 0.000947
 42.61  39.21 0.001904
 42.61  39.31 0.003381
 42.61  39.41 0.005363
 42.61  39.51 0.007724
 42.61  39.61 0.010366
 42.61  39.71 0.013412
 42.61  39.81 0.017238
 42.61  39.91 0.022183
 42.61  40.01 0.028077
 42.61  40.11 0.034101
 42.61  40.21 0.039336
 42.61  40.31 0.043691
 42.61  40.41 0.048249
 42.61  40.51 0.054470
 42.61  40.61 0.062742
 42.61  40.71 0.071577
 42.61  40.81 0.078246
 42.61  40.91 0.080479
 42.61  41.01 0.077909
 42.61  41.11 0.072189
 42.61  41.21 0.065750
 42.61  41.31 0.060287
 42.61  41.41 0.056201
 42.61  41.51 0.053181
 42.61  41.61 0.051042
 42.61  41.71 0.049880
 42.61  41.81 0.049566
 42.61  41.91 0.049304
 42.61  42.01 0.047789
 42.61  42.11 0.043884
 42.61  42.21 0.037334
 42.61  42.31 0.028989
 42.61  42.41 0.020382
 42.61  42.51 0.012961
 42.71  39.01 0.000614
 42.71  39.11 0.001400
 42.71  39.21 0.002792
 42.71  39.31 0.004897
 42.71  39.41 0.007629
 42.71  39.51 0.010728
 42.71  39.61 0.013967
 42.71  39.71 0.017431
 42.71  39.81 0.021584
 42.71  39.91 0.026920
 42.71  40.01 0.033366
 42.71  40.11 0.040041
 42.71  40.21 0.045825
 42.71  40.31 0.050433
 42.71  40.41 0.054956
 42.71  40.51 0.061107
 42.71  40.61 0.069602
 42.71  40.71 0.079095
 42.71  40.81 0.086698
 42.71  40.91 0.089797
 42.71  41.01 0.087740
 42.71  41.11 0.082137
 42.71  41.21 0.075621
 42.71  41.31 0.070203
 42.71  41.41 0.066511
 42.71  41.51 0.064261
 42.71  41.61 0.063109
 42.71  41.71 0.062935
 42.71  41.81 0.063428
 42.71  41.91 0.063661
 42.71  42.01 0.062210
 42.71  42.11 0.057812
 42.71  42.21 0.050117
 42.71  42.31 0.040002
 42.71  42.41 0.029206
 42.71  42.51 0.019508
 42.71  42.61 0.011997
 42.81  39.01 0.000775
 42.81  39.11 0.001771
 42.81  39.21 0.003523
 42.81  39.31 0.006138
 42.81  39.41 0.009453
 42.81  39.51 0.013069
 42.81  39.61 0.016632
 42.81  39.71 0.020192
 42.81  39.81 0.024300
 42.81  39.91 0.029587
 42.81  40.01 0.036082
 42.81  40.11 0.042877
 42.81  40.21 0.048683
 42.81  40.31 0.052993
 42.81  40.41 0.056796
 42.81  40.51 0.061958
 42.81  40.61 0.069580
 42.81  40.71 0.078745
 42.81  40.81 0.086825
 42.81  40.91 0.091192
 42.81  41.01 0.090927
 42.81  41.11 0.087245
 42.81  41.21 0.082439
 42.81  41.31 0.078374
 42.81  41.41 0.075730
 42.81  41.51 0.074331
 42.81  41.61 0.073864
 42.81  41.71 0.074151
 42.81  41.81 0.074835
 42.81  41.91 0.075035
 42.81  42.01 0.073443
 42.81  42.11 0.068862
 42.81  42.21 0.060861
 42.81  42.31 0.050117
 42.81  42.41 0.038213
 42.81  42.51 0.026964
 42.81  42.61 0.017702
 42.81  42.71 0.010936
 42.91  39.01 0.000829
 42.91  39.11 0.001905
 42.91  39.21 0.003803
 42.91  39.31 0.006623
 42.91  39.41 0.010152
 42.91  39.51 0.013904
 42.91  39.61 0.017443
 42.91  39.71 0.020800
 42.91  39.81 0.024587
 42.91  39.91 0.029547
 42.91  40.01 0.035807
 42.91  40.11 0.042479
 42.91  40.21 0.048150
 42.91  40.31 0.052055
 42.91  40.41 0.054941
 42.91  40.51 0.058671
 42.91  40.61 0.064723
 42.91  40.71 0.072829
 42.91  40.81 0.081012
 42.91  40.91 0.086971
 42.91  41.01 0.089616
 42.91  41.11 0.089515
 42.91  41.21 0.088123
 42.91  41.31 0.086647
 42.91  41.41 0.085523
 42.91  41.51 0.084693
 42.91  41.61 0.084103
 42.91  41.71 0.083814
 42.91  41.81 0.083685
 42.91  41.91 0.083095
 42.91  42.01 0.081033
 42.91  42.11 0.076509
 42.91  42.21 0.069006
 42.91  42.31 0.058791
 42.91  42.41 0.046936
 42.91  42.51 0.034984
 42.91  42.61 0.024390
 42.91  42.71 0.016056
 42.91  42.81 0.010177
 43.01  39.01 0.000752
 43.01  39.11 0.001747
 43.01  39.21 0.003516
 43.01  39.31 0.006158
 43.01  39.41 0.009464
 43.01  39.51 0.012946
 43.01  39.61 0.016161
 43.01  39.71 0.019137
 43.01  39.81 0.022500
 43.01  39.91 0.027062
 43.01  40.01 0.033063
 43.01  40.11 0.039715
 43.01  40.21 0.045544
 43.01  40.31 0.049482
 43.01  40.41 0.051846
 43.01  40.51 0.054280
 43.01  40.61 0.058542
 43.01  40.71 0.065150
 43.01  40.81 0.073075
 43.01  40.91 0.080649
 43.01  41.01 0.086748
 43.01  41.11 0.091198
 43.01  41.21 0.094294
 43.01  41.31 0.096186
 43.01  41.41 0.096767
 43.01  41.51 0.096028
 43.01  41.61 0.094362
 43.01  41.71 0.092400
 43.01  41.81 0.090530
 43.01  41.91 0.088581
 43.01  42.01 0.085913
 43.01  42.11 0.081721
 43.01  42.21 0.075328
 43.01  42.31 0.066437
 43.01  42.41 0.055400
 43.01  42.51 0.043302
 43.01  42.61 0.031659
 43.01  42.71 0.021837
 43.01  42.81 0.014531
 43.01  42.91 0.009638
 43.11  39.01 0.000593
 43.11  39.11 0.001392
 43.11  39.21 0.002836
 43.11  39.31 0.005028
 43.11  39.41 0.007811
 43.11  39.51 0.010782
 43.11  39.61 0.013551
 43.11  39.71 0.016136
 43.11  39.81 0.019121
 43.11  39.91 0.023331
 43.11  40.01 0.029150
 43.11  40.11 0.035989
 43.11  40.21 0.042419
 43.11  40.31 0.047056
 43.11  40.41 0.049616
 43.11  40.51 0.051268
 43.11  40.61 0.053875
 43.11  40.71 0.058753
 43.11  40.81 0.065997
 43.11  40.91 0.074799
 43.11  41.01 0.084161
 43.11  41.11 0.093201
 43.11  41.21 0.100976
 43.11  41.31 0.106398
 43.11  41.41 0.108604
 43.11  41.51 0.107529
 43.11  41.61 0.104077
 43.11  41.71 0.099679
 43.11  41.81 0.095527
 43.11  41.91 0.092069
 43.11  42.01 0.089010
 43.11  42.11 0.085582
 43.11  42.21 0.080776
 43.11  42.31 0.073626
 43.11  42.41 0.063716
 43.11  42.51 0.051655
 43.11  42.61 0.039037
 43.11  42.71 0.027734
 43.11  42.81 0.019002
 43.11  42.91 0.013032
 43.11  43.01 0.009168
 43.21  39.01 0.000448
 43.21  39.11 0.001041
 43.21  39.21 0.002134
 43.21  39.31 0.003841
 43.21  39.41 0.006088
 43.21  39.51 0.008591
 43.21  39.61 0.011038
 43.21  39.71 0.013412
 43.21  39.81 0.016186
 43.21  39.91 0.020135
 43.21  40.01 0.025786
 43.21  40.11 0.032839
 43.21  40.21 0.040039
 43.21  40.31 0.045769
 43.21  40.41 0.049098
 43.21  40.51 0.050532
 43.21  40.61 0.051816
 43.21  40.71 0.054923
 43.21  40.81 0.061060
 43.21  40.91 0.070359
 43.21  41.01 0.082082
 43.21  41.11 0.094816
 43.21  41.21 0.106555
 43.21  41.31 0.115072
 43.21  41.41 0.118716
 43.21  41.51 0.117216
 43.21  41.61 0.111859
 43.21  41.71 0.104873
 43.21  41.81 0.098384
 43.21  41.91 0.093599
 43.21  42.01 0.090573
 43.21  42.11 0.088412
 43.21  42.21 0.085589
 43.21  42.31 0.080397
 43.21  42.41 0.071704
 43.21  42.51 0.059730
 43.21  42.61 0.046169
 43.21  42.71 0.033382
 43.21  42.81 0.023181
 43.21  42.91 0.016089
 43.21  43.01 0.011487
 43.21  43.11 0.008345
 43.31  39.01 0.000427
 43.31  39.11 0.000904
 43.31  39.21 0.001778
 43.31  39.31 0.003181
 43.31  39.41 0.005120
 43.31  39.51 0.007431
 43.31  39.61 0.009877
 43.31  39.71 0.012382
 43.31  39.81 0.015259
 43.31  39.91 0.019156
 43.31  40.01 0.024672
 43.31  40.11 0.031791
 43.31  40.21 0.039531
 43.31  40.31 0.046225
 43.31  40.41 0.050439
 43.31  40.51 0.052019
 43.31  40.61 0.052411
 43.31  40.71 0.053959
 43.31  40.81 0.058723
 43.31  40.91 0.067641
 43.31  41.01 0.080293
 43.31  41.11 0.095007
 43.31  41.21 0.109149
 43.31  41.31 0.119767
 43.31  41.41 0.124608
 43.31  41.51 0.123062
 43.31  41.61 0.116455
 43.31  41.71 0.107495
 43.31  41.81 0.099127
 43.31  41.91 0.093382
 43.31  42.01 0.090743
 43.31  42.11 0.090156
 43.31  42.21 0.089493
 43.31  42.31 0.086311
 43.31  42.41 0.078882
 43.31  42.51 0.067137
 43.31  42.61 0.052841
 43.31  42.71 0.038710
 43.31  42.81 0.027023
 43.31  42.91 0.018682
 43.31  43.01 0.013240
 43.31  43.11 0.009634
 43.31  43.21 0.006953
 43.41  39.01 0.000658
 43.41  39.11 0.001172
 43.41  39.21 0.002040
 43.41  39.31 0.003403
 43.41  39.41 0.005331
 43.41  39.51 0.007767
 43.41  39.61 0.010552
 43.41  39.71 0.013591
 43.41  39.81 0.017041
 43.41  39.91 0.021364
 43.41  40.01 0.027085
 43.41  40.11 0.034321
 43.41  40.21 0.042342
 43.41  40.31 0.049603
 43.41  40.41 0.054472
 43.41  40.51 0.056344
 43.41  40.61 0.056318
 43.41  40.71 0.056782
 43.41  40.81 0.060205
 43.41  40.91 0.067987
 43.41  41.01 0.079957
 43.41  41.11 0.094462
 43.41  41.21 0.108801
 43.41  41.31 0.119936
 43.41  41.41 0.125434
 43.41  41.51 0.124335
 43.41  41.61 0.117604
 43.41  41.71 0.107888
 43.41  41.81 0.098561
 43.41  41.91 0.092363
 43.41  42.01 0.090272
 43.41  42.11 0.091176
 43.41  42.21 0.092426
 43.41  42.31 0.090979
 43.41  42.41 0.084708
 43.41  42.51 0.073375
 43.41  42.61 0.058740
 43.41  42.71 0.043651
 43.41  42.81 0.030663
 43.41  42.91 0.021050
 43.41  43.01 0.014683
 43.41  43.11 0.010623
 43.41  43.21 0.007851
 43.41  43.31 0.005710
 43.51  39.01 0.001290
 43.51  39.11 0.002035
 43.51  39.21 0.003130
 43.51  39.31 0.004703
 43.51  39.41 0.006848
 43.51  39.51 0.009594
 43.51  39.61 0.012910
 43.51  39.71 0.016785
 43.51  39.81 0.021337
 43.51  39.91 0.026848
 43.51  40.01 0.033616
 43.51  40.11 0.041624
 43.51  40.21 0.050195
 43.51  40.31 0.057936
 43.51  40.41 0.063296
 43.51  40.51 0.065558
 43.51  40.61 0.065591
 43.51  40.71 0.065604
 43.51  40.81 0.068019
 43.51  40.91 0.074268
 43.51  41.01 0.084249
 43.51  41.11 0.096488
 43.51  41.21 0.108676
 43.51  41.31 0.118296
 43.51  41.41 0.123257
 43.51  41.51 0.122481
 43.51  41.61 0.116388
 43.51  41.71 0.107088
 43.51  41.81 0.097860
 43.51  41.91 0.091809
 43.51  42.01 0.090315
 43.51  42.11 0.092293
 43.51  42.21 0.094771
 43.51  42.31 0.094364
 43.51  42.41 0.088816
 43.51  42.51 0.077890
 43.51  42.61 0.063304
 43.51  42.71 0.047820
 43.51  42.81 0.034033
 43.51  42.91 0.023471
 43.51  43.01 0.016357
 43.51  43.11 0.011970
 43.51  43.21 0.009241
 43.51  43.31 0.007259
 43.51  43.41 0.005518
 43.61  39.01 0.002442
 43.61  39.11 0.003630
 43.61  39.21 0.005179
 43.61  39.31 0.007169
 43.61  39.41 0.009677
 43.61  39.51 0.012790
 43.61  39.61 0.016645
 43.61  39.71 0.021460
 43.61  39.81 0.027501
 43.61  39.91 0.034988
 43.61  40.01 0.043924
 43.61  40.11 0.053905
 43.61  40.21 0.063985
 43.61  40.31 0.072756
 43.61  40.41 0.078851
 43.61  40.51 0.081739
 43.61  40.61 0.082288
 43.61  40.71 0.082496
 43.61  40.81 0.084442
 43.61  40.91 0.089243
 43.61  41.01 0.096652
 43.61  41.11 0.105363
 43.61  41.21 0.113611
 43.61  41.31 0.119705
 43.61  41.41 0.122309
 43.61  41.51 0.120637
 43.61  41.61 0.114795
 43.61  41.71 0.106250
 43.61  41.81 0.097785
 43.61  41.91 0.092382
 43.61  42.01 0.091501
 43.61  42.11 0.094046
 43.61  42.21 0.096905
 43.61  42.31 0.096645
 43.61  42.41 0.091160
 43.61  42.51 0.080403
 43.61  42.61 0.066084
 43.61  42.71 0.050777
 43.61  42.81 0.036921
 43.61  42.91 0.026102
 43.61  43.01 0.018772
 43.61  43.11 0.014383
 43.61  43.21 0.011826
 43.61  43.31 0.009976
 43.61  43.41 0.008113
 43.61  43.51 0.006066
 43.71  39.01 0.004042
 43.71  39.11 0.005842
 43.71  39.21 0.008011
 43.71  39.31 0.010571
 43.71  39.41 0.013553
 43.71  39.51 0.017067
 43.71  39.61 0.021407
 43.71  39.71 0.027085
 43.71  39.81 0.034674
 43.71  39.91 0.044502
 43.71  40.01 0.056359
 43.71  40.11 0.069361
 43.71  40.21 0.082046
 43.71  40.31 0.092746
 43.71  40.41 0.100185
 43.71  40.51 0.104141
 43.71  40.61 0.105693
 43.71  40.71 0.106732
 43.71  40.81 0.108936
 43.71  40.91 0.112929
 43.71  41.01 0.118136
 43.71  41.11 0.123241
 43.71  41.21 0.126856
 43.71  41.31 0.128018
 43.71  41.41 0.126307
 43.71  41.51 0.121681
 43.71  41.61 0.114502
 43.71  41.71 0.105930
 43.71  41.81 0.098146
 43.71  41.91 0.093572
 43.71  42.01 0.093303
 43.71  42.11 0.096057
 43.71  42.21 0.098696
 43.71  42.31 0.097962
 43.71  42.41 0.092091
 43.71  42.51 0.081328
 43.71  42.61 0.067434
 43.71  42.71 0.052787
 43.71  42.81 0.039582
 43.71  42.91 0.029294
 43.71  43.01 0.022395
 43.71  43.11 0.018359
 43.71  43.21 0.016007
 43.71  43.31 0.014073
 43.71  43.41 0.011756
 43.71  43.51 0.008950
 43.71  43.61 0.006061
 43.81  39.01 0.005684
 43.81  39.11 0.008108
 43.81  39.21 0.010906
 43.81  39.31 0.014064
 43.81  39.41 0.017591
 43.81  39.51 0.021591
 43.81  39.61 0.026435
 43.81  39.71 0.032835
 43.81  39.81 0.041649
 43.81  39.91 0.053418
 43.81  40.01 0.067904
 43.81  40.11 0.083905
 43.81  40.21 0.099495
 43.81  40.31 0.112649
 43.81  40.41 0.122041
 43.81  40.51 0.127666
 43.81  40.61 0.130850
 43.81  40.71 0.133482
 43.81  40.81 0.136929
 43.81  40.91 0.141324
 43.81  41.01 0.145633
 43.81  41.11 0.148245
 43.81  41.21 0.147741
 43.81  41.31 0.143527
 43.81  41.41 0.136032
 43.81  41.51 0.126344
 43.81  41.61 0.115748
 43.81  41.71 0.105686
 43.81  41.81 0.097895
 43.81  41.91 0.093982
 43.81  42.01 0.094301
 43.81  42.11 0.097192
 43.81  42.21 0.099533
 43.81  42.31 0.098361
 43.81  42.41 0.092282
 43.81  42.51 0.081793
 43.81  42.61 0.068667
 43.81  42.71 0.055099
 43.81  42.81 0.043043
 43.81  42.91 0.033784
 43.81  43.01 0.027664
 43.81  43.11 0.024053
 43.81  43.21 0.021676
 43.81  43.31 0.019235
 43.81  43.41 0.016011
 43.81  43.51 0.012096
 43.81  43.61 0.008133
 43.81  43.71 0.004812
 43.91  39.01 0.006719
 43.91  39.11 0.009552
 43.91  39.21 0.012765
 43.91  39.31 0.016369
 43.91  39.41 0.020415
 43.91  39.51 0.025016
 43.91  39.61 0.030497
 43.91  39.71 0.037528
 43.91  39.81 0.047001
 43.91  39.91 0.059587
 43.91  40.01 0.075199
 43.91  40.11 0.092708
 43.91  40.21 0.110136
 43.91  40.31 0.125331
 43.91  40.41 0.136875
 43.91  40.51 0.144763
 43.91  40.61 0.150348
 43.91  40.71 0.155476
 43.91  40.81 0.161313
 43.91  40.91 0.167632
 43.91  41.01 0.172892
 43.91  41.11 0.174890
 43.91  41.21 0.171706
 43.91  41.31 0.162681
 43.91  41.41 0.148927
 43.91  41.51 0.132894
 43.91  41.61 0.117322
 43.91  41.71 0.104457
 43.91  41.81 0.095861
 43.91  41.91 0.092271
 43.91  42.01 0.093135
 43.91  42.11 0.096332
 43.91  42.21 0.098788
 43.91  42.31 0.097843
 43.91  42.41 0.092367
 43.91  42.51 0.082918
 43.91  42.61 0.071139
 43.91  42.71 0.059007
 43.91  42.81 0.048263
 43.91  42.91 0.040024
 43.91  43.01 0.034489
 43.91  43.11 0.030922
 43.91  43.21 0.028012
 43.91  43.31 0.024548
 43.91  43.41 0.020028
 43.91  43.51 0.014815
 43.91  43.61 0.009774
 43.91  43.71 0.005694
 43.91  43.81 0.002910
 44.01  39.01 0.006651
 44.01  39.11 0.009499
 44.01  39.21 0.012759
 44.01  39.31 0.016529
 44.01  39.41 0.020985
 44.01  39.51 0.026287
 44.01  39.61 0.032613
 44.01  39.71 0.040294
 44.01  39.81 0.049867
 44.01  39.91 0.061871
 44.01  40.01 0.076450
 44.01  40.11 0.092998
 44.01  40.21 0.110106
 44.01  40.31 0.125986
 44.01  40.41 0.139250
 44.01  40.51 0.149648
 44.01  40.61 0.158198
 44.01  40.71 0.166485
 44.01  40.81 0.175522
 44.01  40.91 0.184904
 44.01  41.01 0.192669
 44.01  41.11 0.195884
 44.01  41.21 0.191817
 44.01  41.31 0.179418
 44.01  41.41 0.160271
 44.01  41.51 0.138162
 44.01  41.61 0.117443
 44.01  41.71 0.101403
 44.01  41.81 0.091620
 44.01  41.91 0.088077
 44.01  42.01 0.089386
 44.01  42.11 0.093051
 44.01  42.21 0.096121
 44.01  42.31 0.096207
 44.01  42.41 0.092266
 44.01  42.51 0.084681
 44.01  42.61 0.074784
 44.01  42.71 0.064259
 44.01  42.81 0.054661
 44.01  42.91 0.047006
 44.01  43.01 0.041461
 44.01  43.11 0.037310
 44.01  43.21 0.033346
 44.01  43.31 0.028556
 44.01  43.41 0.022696
 44.01  43.51 0.016363
 44.01  43.61 0.010543
 44.01  43.71 0.006014
 44.01  43.81 0.003019
 44.01  43.91 0.001328
 44.11  39.01 0.005514
 44.11  39.11 0.007992
 44.11  39.21 0.010958
 44.11  39.31 0.014653
 44.11  39.41 0.019431
 44.11  39.51 0.025533
 44.11  39.61 0.032927
 44.11  39.71 0.041383
 44.11  39.81 0.050725
 44.11  39.91 0.061052
 44.11  40.01 0.072697
 44.11  40.11 0.085890
 44.11  40.21 0.100332
 44.11  40.31 0.115087
 44.11  40.41 0.128993
 44.11  40.51 0.141410
 44.11  40.61 0.152693
 44.11  40.71 0.163921
 44.11  40.81 0.175943
 44.11  40.91 0.188350
 44.11  41.01 0.198981
 44.11  41.11 0.204322
 44.11  41.21 0.200873
 44.11  41.31 0.187100
 44.11  41.41 0.164806
 44.11  41.51 0.138745
 44.11  41.61 0.114520
 44.11  41.71 0.096284
 44.11  41.81 0.085674
 44.11  41.91 0.082115
 44.11  42.01 0.083641
 44.11  42.11 0.087608
 44.11  42.21 0.091333
 44.11  42.31 0.092714
 44.11  42.41 0.090687
 44.11  42.51 0.085294
 44.11  42.61 0.077420
 44.11  42.71 0.068401
 44.11  42.81 0.059609
 44.11  42.91 0.052031
 44.11  43.01 0.045926
 44.11  43.11 0.040770
 44.11  43.21 0.035613
 44.11  43.31 0.029703
 44.11  43.41 0.022996
 44.11  43.51 0.016172
 44.11  43.61 0.010180
 44.11  43.71 0.005682
 44.11  43.81 0.002795
 44.11  43.91 0.001208
 44.11  44.01 0.000457
 44.21  39.01 0.003853
 44.21  39.11 0.005767
 44.21  39.21 0.008294
 44.21  39.31 0.011851
 44.21  39.41 0.016985
 44.21  39.51 0.024018
 44.21  39.61 0.032685
 44.21  39.71 0.042097
 44.21  39.81 0.051187
 44.21  39.91 0.059409
 44.21  40.01 0.067176
 44.21  40.11 0.075610
 44.21  40.21 0.085735
 44.21  40.31 0.097710
 44.21  40.41 0.110748
 44.21  40.51 0.123813
 44.21  40.61 0.136489
 44.21  40.71 0.149229
 44.21  40.81 0.162709
 44.21  40.91 0.176669
 44.21  41.01 0.189058
 44.21  41.11 0.196182
 44.21  41.21 0.194152
 44.21  41.31 0.181094
 44.21  41.41 0.158767
 44.21  41.51 0.132224
 44.21  41.61 0.107543
 44.21  41.71 0.089200
 44.21  41.81 0.078787
 44.21  41.91 0.075391
 44.21  42.01 0.076781
 44.21  42.11 0.080438
 44.21  42.21 0.084133
 44.21  42.31 0.086180
 44.21  42.41 0.085558
 44.21  42.51 0.081971
 44.21  42.61 0.075822
 44.21  42.71 0.068060
 44.21  42.81 0.059856
 44.21  42.91 0.052180
 44.21  43.01 0.045450
 44.21  43.11 0.039436
 44.21  43.21 0.033522
 44.21  43.31 0.027218
 44.21  43.41 0.020565
 44.21  43.51 0.014152
 44.21  43.61 0.008733
 44.21  43.71 0.004783
 44.21  43.81 0.002311
 44.21  43.91 0.000981
 44.21  44.01 0.000367
 44.21  44.11 0.000122
 44.31  39.01 0.002318
 44.31  39.11 0.003713
 44.31  39.21 0.005875
 44.31  39.31 0.009406
 44.31  39.41 0.015028
 44.31  39.51 0.023125
 44.31  39.61 0.033202
 44.31  39.71 0.043746
 44.31  39.81 0.052827
 44.31  39.91 0.059228
 44.31  40.01 0.063318
 44.31  40.11 0.066932
 44.31  40.21 0.072232
 44.31  40.31 0.080387
 44.31  40.41 0.091033
 44.31  40.51 0.102875
 44.31  40.61 0.114851
 44.31  40.71 0.126861
 44.31  40.81 0.139443
 44.31  40.91 0.152616
 44.31  41.01 0.164760
 44.31  41.11 0.172500
 44.31  41.21 0.172047
 44.31  41.31 0.161410
 44.31  41.41 0.142036
 44.31  41.51 0.118552
 44.31  41.61 0.096637
 44.31  41.71 0.080480
 44.31  41.81 0.071468
 44.31  41.91 0.068529
 44.31  42.01 0.069428
 44.31  42.11 0.071960
 44.31  42.21 0.074498
 44.31  42.31 0.075964
 44.31  42.41 0.075613
 44.31  42.51 0.072993
 44.31  42.61 0.068098
 44.31  42.71 0.061456
 44.31  42.81 0.053963
 44.31  42.91 0.046515
 44.31  43.01 0.039656
 44.31  43.11 0.033438
 44.31  43.21 0.027574
 44.31  43.31 0.021778
 44.31  43.41 0.016081
 44.31  43.51 0.010861
 44.31  43.61 0.006598
 44.31  43.71 0.003564
 44.31  43.81 0.001700
 44.31  43.91 0.000716
 44.31  44.01 0.000271
 44.31  44.11 0.000101
 44.31  44.21 0.000050
 44.41  39.01 0.001281
 44.41  39.11 0.002337
 44.41  39.21 0.004315
 44.41  39.31 0.007974
 44.41  39.41 0.014176
 44.41  39.51 0.023346
 44.41  39.61 0.034806
 44.41  39.71 0.046563
 44.41  39.81 0.056027
 44.41  39.91 0.061428
 44.41  40.01 0.062994
 44.41  40.11 0.062921
 44.41  40.21 0.064056
 44.41  40.31 0.068239
 44.41  40.41 0.075474
 44.41  40.51 0.084425
 44.41  40.61 0.093693
 44.41  40.71 0.102826
 44.41  40.81 0.112298
 44.41  40.91 0.122494
 44.41  41.01 0.132477
 44.41  41.11 0.139605
 44.41  41.21 0.140569
 44.41  41.31 0.133364
 44.41  41.41 0.118861
 44.41  41.51 0.100714
 44.41  41.61 0.083613
 44.41  41.71 0.071093
 44.41  41.81 0.064268
 44.41  41.91 0.062036
 44.41  42.01 0.062276
 44.41  42.11 0.063114
 44.41  42.21 0.063546
 44.41  42.31 0.063248
 44.41  42.41 0.062032
 44.41  42.51 0.059575
 44.41  42.61 0.055591
 44.41  42.71 0.050154
 44.41  42.81 0.043764
 44.41  42.91 0.037121
 44.41  43.01 0.030806
 44.41  43.11 0.025091
 44.41  43.21 0.019954
 44.41  43.31 0.015267
 44.41  43.41 0.011003
 44.41  43.51 0.007310
 44.41  43.61 0.004398
 44.41  43.71 0.002367
 44.41  43.81 0.001134
 44.41  43.91 0.000491
 44.41  44.01 0.000211
 44.41  44.11 0.000121
 44.41  44.21 0.000116
 44.41  44.31 0.000138
 44.51  39.01 0.000762
 44.51  39.11 0.001672
 44.51  39.21 0.003624
 44.51  39.31 0.007477
 44.51  39.41 0.014181
 44.51  39.51 0.024183
 44.51  39.61 0.036714
 44.51  39.71 0.049546
 44.51  39.81 0.059747
 44.51  39.91 0.065210
 44.51  40.01 0.065951
 44.51  40.11 0.064120
 44.51  40.21 0.062677
 44.51  40.31 0.063669
 44.51  40.41 0.067337
 44.51  40.51 0.072513
 44.51  40.61 0.077831
 44.51  40.71 0.082780
 44.51  40.81 0.087878
 44.51  40.91 0.093891
 44.51  41.01 0.100656
 44.51  41.11 0.106450
 44.51  41.21 0.108595
 44.51  41.31 0.105046
 44.51  41.41 0.095878
 44.51  41.51 0.083516
 44.51  41.61 0.071522
 44.51  41.71 0.062788
 44.51  41.81 0.058273
 44.51  41.91 0.056930
 44.51  42.01 0.056697
 44.51  42.11 0.055870
 44.51  42.21 0.053918
 44.51  42.31 0.051290
 44.51  42.41 0.048571
 44.51  42.51 0.045827
 44.51  42.61 0.042643
 44.51  42.71 0.038595
 44.51  42.81 0.033644
 44.51  42.91 0.028161
 44.51  43.01 0.022691
 44.51  43.11 0.017692
 44.51  43.21 0.013389
 44.51  43.31 0.009801
 44.51  43.41 0.006857
 44.51  43.51 0.004512
 44.51  43.61 0.002750
 44.51  43.71 0.001539
 44.51  43.81 0.000798
 44.51  43.91 0.000407
 44.51  44.01 0.000253
 44.51  44.11 0.000248
 44.51  44.21 0.000326
 44.51  44.31 0.000429
 44.51  44.41 0.000502
 44.61  39.01 0.000624
 44.61  39.11 0.001532
 44.61  39.21 0.003552
 44.61  39.31 0.007568
 44.61  39.41 0.014529
 44.61  39.51 0.024876
 44.61  39.61 0.037856
 44.61  39.71 0.051294
 44.61  39.81 0.062304
 44.61  39.91 0.068724
 44.61  40.01 0.070329
 44.61  40.11 0.068868
 44.61  40.21 0.066876
 44.61  40.31 0.066144
 44.61  40.41 0.066942
 44.61  40.51 0.068379
 44.61  40.61 0.069440
 44.61  40.71 0.069887
 44.61  40.81 0.070459
 44.61  40.91 0.072287
 44.61  41.01 0.075859
 44.61  41.11 0.080266
 44.61  41.21 0.083376
 44.61  41.31 0.083028
 44.61  41.41 0.078449
 44.61  41.51 0.070880
 44.61  41.61 0.062949
 44.61  41.71 0.057203
 44.61  41.81 0.054692
 44.61  41.91 0.054479
 44.61  42.01 0.054403
 44.61  42.11 0.052615
 44.61  42.21 0.048769
 44.61  42.31 0.043974
 44.61  42.41 0.039687
 44.61  42.51 0.036571
 44.61  42.61 0.034204
 44.61  42.71 0.031638
 44.61  42.81 0.028161
 44.61  42.91 0.023701
 44.61  43.01 0.018743
 44.61  43.11 0.013977
 44.61  43.21 0.009946
 44.61  43.31 0.006872
 44.61  43.41 0.004689
 44.61  43.51 0.003190
 44.61  43.61 0.002157
 44.61  43.71 0.001431
 44.61  43.81 0.000929
 44.61  43.91 0.000624
 44.61  44.01 0.000517
 44.61  44.11 0.000601
 44.61  44.21 0.000835
 44.61  44.31 0.001127
 44.61  44.41 0.001351
 44.61  44.51 0.001402
 44.71  39.01 0.000770
 44.71  39.11 0.001794
 44.71  39.21 0.003961
 44.71  39.31 0.008093
 44.71  39.41 0.015041
 44.71  39.51 0.025174
 44.71  39.61 0.037814
 44.71  39.71 0.051079
 44.71  39.81 0.062493
 44.71  39.91 0.070147
 44.71  40.01 0.073651
 44.71  40.11 0.074153
 44.71  40.21 0.073404
 44.71  40.31 0.072581
 44.71  40.41 0.071739
 44.71  40.51 0.070202
 44.71  40.61 0.067451
 44.71  40.71 0.063796
 44.71  40.81 0.060436
 44.71  40.91 0.058880
 44.71  41.01 0.060038
 44.71  41.11 0.063463
 44.71  41.21 0.067321
 44.71  41.31 0.069289
 44.71  41.41 0.067912
 44.71  41.51 0.063541
 44.71  41.61 0.058219
 44.71  41.71 0.054468
 44.71  41.81 0.053653
 44.71  41.91 0.054998
 44.71  42.01 0.056072
 44.71  42.11 0.054541
 44.71  42.21 0.049865
 44.71  42.31 0.043586
 44.71  42.41 0.038029
 44.71  42.51 0.034600
 44.71  42.61 0.033012
 44.71  42.71 0.031819
 44.71  42.81 0.029564
 44.71  42.91 0.025653
 44.71  43.01 0.020504
 44.71  43.11 0.015117
 44.71  43.21 0.010468
 44.71  43.31 0.007097
 44.71  43.41 0.005006
 44.71  43.51 0.003830
 44.71  43.61 0.003107
 44.71  43.71 0.002504
 44.71  43.81 0.001920
 44.71  43.91 0.001437
 44.71  44.01 0.001209
 44.71  44.11 0.001345
 44.71  44.21 0.001824
 44.71  44.31 0.002477
 44.71  44.41 0.003029
 44.71  44.51 0.003222
 44.71  44.61 0.002955
 44.81  39.01 0.001230
 44.81  39.11 0.002509
 44.81  39.21 0.004940
 44.81  39.31 0.009214
 44.81  39.41 0.015990
 44.81  39.51 0.025479
 44.81  39.61 0.037059
 44.81  39.71 0.049239
 44.81  39.81 0.060177
 44.81  39.91 0.068486
 44.81  40.01 0.073807
 44.81  40.11 0.076740
 44.81  40.21 0.078180
 44.81  40.31 0.078530
 44.81  40.41 0.077416
 44.81  40.51 0.074162
 44.81  40.61 0.068630
 44.81  40.71 0.061758
 44.81  40.81 0.055378
 44.81  40.91 0.051449
 44.81  41.01 0.051104
 44.81  41.11 0.053982
 44.81  41.21 0.058247
 44.81  41.31 0.061431
 44.81  41.41 0.061724
 44.81  41.51 0.059039
 44.81  41.61 0.055168
 44.81  41.71 0.052772
 44.81  41.81 0.053594
 44.81  41.91 0.057046
 44.81  42.01 0.060367
 44.81  42.11 0.060502
 44.81  42.21 0.056354
 44.81  42.31 0.049558
 44.81  42.41 0.043165
 44.81  42.51 0.039403
 44.81  42.61 0.038311
 44.81  42.71 0.038108
 44.81  42.81 0.036666
 44.81  42.91 0.032859
 44.81  43.01 0.027003
 44.81  43.11 0.020402
 44.81  43.21 0.014527
 44.81  43.31 0.010324
 44.81  43.41 0.007929
 44.81  43.51 0.006807
 44.81  43.61 0.006163
 44.81  43.71 0.005400
 44.81  43.81 0.004366
 44.81  43.91 0.003310
 44.81  44.01 0.002636
 44.81  44.11 0.002647
 44.81  44.21 0.003382
 44.81  44.31 0.004564
 44.81  44.41 0.005681
 44.81  44.51 0.006203
 44.81  44.61 0.005860
 44.81  44.71 0.004777
 44.91  39.01 0.002146
 44.91  39.11 0.003865
 44.91  39.21 0.006728
 44.91  39.31 0.011244
 44.91  39.41 0.017817
 44.91  39.51 0.026436
 44.91  39.61 0.036464
 44.91  39.71 0.046755
 44.91  39.81 0.056120
 44.91  39.91 0.063835
 44.91  40.01 0.069830
 44.91  40.11 0.074457
 44.91  40.21 0.077989
 44.91  40.31 0.080128
 44.91  40.41 0.079948
 44.91  40.51 0.076485
 44.91  40.61 0.069669
 44.91  40.71 0.060876
 44.91  40.81 0.052560
 44.91  40.91 0.047160
 44.91  41.01 0.045947
 44.91  41.11 0.048413
 44.91  41.21 0.052532
 44.91  41.31 0.055760
 44.91  41.41 0.056310
 44.91  41.51 0.054111
 44.91  41.61 0.050971
 44.91  41.71 0.049671
 44.91  41.81 0.052206
 44.91  41.91 0.058155
 44.91  42.01 0.064512
 44.91  42.11 0.067508
 44.91  42.21 0.065245
 44.91  42.31 0.059041
 44.91  42.41 0.052337
 44.91  42.51 0.048111
 44.91  42.61 0.046930
 44.91  42.71 0.047010
 44.91  42.81 0.045841
 44.91  42.91 0.041895
 44.91  43.01 0.035337
 44.91  43.11 0.027640
 44.91  43.21 0.020659
 44.91  43.31 0.015734
 44.91  43.41 0.013166
 44.91  43.51 0.012239
 44.91  43.61 0.011743
 44.91  43.71 0.010706
 44.91  43.81 0.008888
 44.91  43.91 0.006767
 44.91  44.01 0.005132
 44.91  44.11 0.004617
 44.91  44.21 0.005401
 44.91  44.31 0.007122
 44.91  44.41 0.008980
 44.91  44.51 0.010072
 44.91  44.61 0.009829
 44.91  44.71 0.008309
 44.91  44.81 0.006105
 45.01  39.01 0.003684
 45.01  39.11 0.006041
 45.01  39.21 0.009506
 45.01  39.31 0.014374
 45.01  39.41 0.020775
 45.01  39.51 0.028454
 45.01  39.61 0.036706
 45.01  39.71 0.044608
 45.01  39.81 0.051493
 45.01  39.91 0.057273
 45.01  40.01 0.062365
 45.01  40.11 0.067267
 45.01  40.21 0.072036
 45.01  40.31 0.075927
 45.01  40.41 0.077462
 45.01  40.51 0.075163
 45.01  40.61 0.068687
 45.01  40.71 0.059513
 45.01  40.81 0.050504
 45.01  40.91 0.044499
 45.01  41.01 0.042853
 45.01  41.11 0.044840
 45.01  41.21 0.048202
 45.01  41.31 0.050435
 45.01  41.41 0.050081
 45.01  41.51 0.047447
 45.01  41.61 0.044529
 45.01  41.71 0.044116
 45.01  41.81 0.048224
 45.01  41.91 0.056538
 45.01  42.01 0.066024
 45.01  42.11 0.072460
 45.01  42.21 0.073132
 45.01  42.31 0.068662
 45.01  42.41 0.062364
 45.01  42.51 0.057660
 45.01  42.61 0.055733
 45.01  42.71 0.055196
 45.01  42.81 0.053622
 45.01  42.91 0.049376
 45.01  43.01 0.042478
 45.01  43.11 0.034360
 45.01  43.21 0.027015
 45.01  43.31 0.022025
 45.01  43.41 0.019834
 45.01  43.51 0.019562
 45.01  43.61 0.019552
 45.01  43.71 0.018378
 45.01  43.81 0.015643
 45.01  43.91 0.012066
 45.01  44.01 0.008911
 45.01  44.11 0.007274
 45.01  44.21 0.007605
 45.01  44.31 0.009553
 45.01  44.41 0.012091
 45.01  44.51 0.013919
 45.01  44.61 0.014068
 45.01  44.71 0.012383
 45.01  44.81 0.009532
 45.01  44.91 0.006529
 45.11  39.01 0.005884
 45.11  39.11 0.009016
 45.11  39.21 0.013163
 45.11  39.31 0.018419
 45.11  39.41 0.024670
 45.11  39.51 0.031448
 45.11  39.61 0.037959
 45.11  39.71 0.043400
 45.11  39.81 0.047441
 45.11  39.91 0.050491
 45.11  40.01 0.053494
 45.11  40.11 0.057352
 45.11  40.21 0.062275
 45.11  40.31 0.067361
 45.11  40.41 0.070708
 45.11  40.51 0.070293
 45.11  40.61 0.065321
 45.11  40.71 0.057117
 45.11  40.81 0.048677
 45.11  40.91 0.043023
 45.11  41.01 0.041482
 45.11  41.11 0.043081
 45.11  41.21 0.045362
 45.11  41.31 0.045972
 45.11  41.41 0.043973
 45.11  41.51 0.040253
 45.11  41.61 0.037087
 45.11  41.71 0.037154
 45.11  41.81 0.042272
 45.11  41.91 0.052163
 45.11  42.01 0.064027
 45.11  42.11 0.073639
 45.11  42.21 0.077731
 45.11  42.31 0.076012
 45.11  42.41 0.071103
 45.11  42.51 0.066347
 45.11  42.61 0.063403
 45.11  42.71 0.061564
 45.11  42.81 0.058954
 45.11  42.91 0.054189
 45.11  43.01 0.047245
 45.11  43.11 0.039352
 45.11  43.21 0.032365
 45.11  43.31 0.027915
 45.11  43.41 0.026546
 45.11  43.51 0.027292
 45.11  43.61 0.028136
 45.11  43.71 0.027189
 45.11  43.81 0.023797
 45.11  43.91 0.018791
 45.11  44.01 0.013848
 45.11  44.11 0.010559
 45.11  44.21 0.009762
 45.11  44.31 0.011294
 45.11  44.41 0.014082
 45.11  44.51 0.016554
 45.11  44.61 0.017341
 45.11  44.71 0.015941
 45.11  44.81 0.012917
 45.11  44.91 0.009445
 45.11  45.01 0.006572
 45.21  39.01 0.008515
 45.21  39.11 0.012418
 45.21  39.21 0.017163
 45.21  39.31 0.022713
 45.21  39.41 0.028809
 45.21  39.51 0.034834
 45.21  39.61 0.039903
 45.21  39.71 0.043254
 45.21  39.81 0.044748
 45.21  39.91 0.045119
 45.21  40.01 0.045733
 45.21  40.11 0.047908
 45.21  40.21 0.052129
 45.21  40.31 0.057531
 45.21  40.41 0.062006
 45.21  40.51 0.063193
 45.21  40.61 0.059964
 45.21  40.71 0.053432
 45.21  40.81 0.046506
 45.21  40.91 0.042118
 45.21  41.01 0.041377
 45.21  41.11 0.042995
 45.21  41.21 0.044346
 45.21  41.31 0.043290
 45.21  41.41 0.039469
 45.21  41.51 0.034399
 45.21  41.61 0.030631
 45.21  41.71 0.030658
 45.21  41.81 0.035954
 45.21  41.91 0.046230
 45.21  42.01 0.059133
 45.21  42.11 0.070930
 45.21  42.21 0.078257
 45.21  42.31 0.079971
 45.21  42.41 0.077570
 45.21  42.51 0.073722
 45.21  42.61 0.070199
 45.21  42.71 0.067002
 45.21  42.81 0.063090
 45.21  42.91 0.057628
 45.21  43.01 0.050670
 45.21  43.11 0.043175
 45.21  43.21 0.036684
 45.21  43.31 0.032719
 45.21  43.41 0.031932
 45.21  43.51 0.033462
 45.21  43.61 0.035180
 45.21  43.71 0.034866
 45.21  43.81 0.031500
 45.21  43.91 0.025738
 45.21  44.01 0.019372
 45.21  44.11 0.014335
 45.21  44.21 0.011887
 45.21  44.31 0.012238
 45.21  44.41 0.014532
 45.21  44.51 0.017187
 45.21  44.61 0.018580
 45.21  44.71 0.017840
 45.21  44.81 0.015253
 45.21  44.91 0.011958
 45.21  45.01 0.009145
 45.21  45.11 0.007361
 45.31  39.01 0.011057
 45.31  39.11 0.015563
 45.31  39.21 0.020672
 45.31  39.31 0.026319
 45.31  39.41 0.032243
 45.31  39.51 0.037773
 45.31  39.61 0.041928
 45.31  39.71 0.043901
 45.31  39.81 0.043632
 45.31  39.91 0.042060
 45.31  40.01 0.040803
 45.31  40.11 0.041414
 45.31  40.21 0.044528
 45.31  40.31 0.049330
 45.31  40.41 0.053735
 45.31  40.51 0.055412
 45.31  40.61 0.053249
 45.31  40.71 0.048279
 45.31  40.81 0.043197
 45.31  40.91 0.040602
 45.31  41.01 0.041196
 45.31  41.11 0.043324
 45.31  41.21 0.044218
 45.31  41.31 0.041954
 45.31  41.41 0.036685
 45.31  41.51 0.030447
 45.31  41.61 0.025990
 45.31  41.71 0.025579
 45.31  41.81 0.030309
 45.31  41.91 0.039847
 45.31  42.01 0.052400
 45.31  42.11 0.065080
 45.31  42.21 0.074919
 45.31  42.31 0.080212
 45.31  42.41 0.081195
 45.31  42.51 0.079395
 45.31  42.61 0.076245
 45.31  42.71 0.072258
 45.31  42.81 0.067279
 45.31  42.91 0.061160
 45.31  43.01 0.054132
 45.31  43.11 0.046870
 45.31  43.21 0.040495
 45.31  43.31 0.036326
 45.31  43.41 0.035175
 45.31  43.51 0.036560
 45.31  43.61 0.038642
 45.31  43.71 0.039156
 45.31  43.81 0.036688
 45.31  43.91 0.031371
 45.31  44.01 0.024637
 45.31  44.11 0.018404
 45.31  44.21 0.014248
 45.31  44.31 0.012860
 45.31  44.41 0.013853
 45.31  44.51 0.015936
 45.31  44.61 0.017504
 45.31  44.71 0.017444
 45.31  44.81 0.015710
 45.31  44.91 0.013218
 45.31  45.01 0.011102
 45.31  45.11 0.009921
 45.31  45.21 0.009386
 45.41  39.01 0.012933
 45.41  39.11 0.017767
 45.41  39.21 0.022941
 45.41  39.31 0.028450
 45.41  39.41 0.034170
 45.41  39.51 0.039486
 45.41  39.61 0.043331
 45.41  39.71 0.044769
 45.41  39.81 0.043717
 45.41  39.91 0.041209
 45.41  40.01 0.038984
 45.41  40.11 0.038608
 45.41  40.21 0.040633
 45.41  40.31 0.044202
 45.41  40.41 0.047397
 45.41  40.51 0.048270
 45.41  40.61 0.046096
 45.41  40.71 0.042013
 45.41  40.81 0.038456
 45.41  40.91 0.037540
 45.41  41.01 0.039487
 45.41  41.11 0.042338
 45.41  41.21 0.043255
 45.41  41.31 0.040482
 45.41  41.41 0.034486
 45.41  41.51 0.027589
 45.41  41.61 0.022601
 45.41  41.71 0.021570
 45.41  41.81 0.025283
 45.41  41.91 0.033384
 45.41  42.01 0.044630
 45.41  42.11 0.057076
 45.41  42.21 0.068436
 45.41  42.31 0.076800
 45.41  42.41 0.081302
 45.41  42.51 0.082179
 45.41  42.61 0.080203
 45.41  42.71 0.076131
 45.41  42.81 0.070577
 45.41  42.91 0.064080
 45.41  43.01 0.057093
 45.41  43.11 0.050019
 45.41  43.21 0.043488
 45.41  43.31 0.038509
 45.41  43.41 0.036048
 45.41  43.51 0.036223
 45.41  43.61 0.037893
 45.41  43.71 0.039133
 45.41  43.81 0.038256
 45.41  43.91 0.034644
 45.41  44.01 0.028921
 45.41  44.11 0.022556
 45.41  44.21 0.017186
 45.41  44.31 0.013960
 45.41  44.41 0.013093
 45.41  44.51 0.013825
 45.41  44.61 0.014852
 45.41  44.71 0.015059
 45.41  44.81 0.014155
 45.41  44.91 0.012734
 45.41  45.01 0.011698
 45.41  45.11 0.011473
 45.41  45.21 0.011665
 45.41  45.31 0.011423
 45.51  39.01 0.013919
 45.51  39.11 0.018776
 45.51  39.21 0.023719
 45.51  39.31 0.028832
 45.51  39.41 0.034203
 45.51  39.51 0.039392
 45.51  39.61 0.043326
 45.51  39.71 0.044928
 45.51  39.81 0.043989
 45.51  39.91 0.041514
 45.51  40.01 0.039217
 45.51  40.11 0.038524
 45.51  40.21 0.039748
 45.51  40.31 0.041921
 45.51  40.41 0.043357
 45.51  40.51 0.042671
 45.51  40.61 0.039702
 45.51  40.71 0.035783
 45.51  40.81 0.033066
 45.51  40.91 0.033163
 45.51  41.01 0.035922
 45.51  41.11 0.039279
 45.51  41.21 0.040470
 45.51  41.31 0.037837
 45.51  41.41 0.031890
 45.51  41.51 0.024924
 45.51  41.61 0.019648
 45.51  41.71 0.017945
 45.51  41.81 0.020457
 45.51  41.91 0.026897
 45.51  42.01 0.036471
 45.51  42.11 0.048000
 45.51  42.21 0.059861
 45.51  42.31 0.070167
 45.51  42.41 0.077297
 45.51  42.51 0.080425
 45.51  42.61 0.079654
 45.51  42.71 0.075808
 45.51  42.81 0.070072
 45.51  42.91 0.063562
 45.51  43.01 0.056944
 45.51  43.11 0.050385
 45.51  43.21 0.044006
 45.51  43.31 0.038385
 45.51  43.41 0.034503
 45.51  43.51 0.033076
 45.51  43.61 0.033860
 45.51  43.71 0.035591
 45.51  43.81 0.036566
 45.51  43.91 0.035449
 45.51  44.01 0.031864
 45.51  44.11 0.026512
 45.51  44.21 0.020804
 45.51  44.31 0.016166
 45.51  44.41 0.013374
 45.51  44.51 0.012284
 45.51  44.61 0.012086
 45.51  44.71 0.011904
 45.51  44.81 0.011380
 45.51  44.91 0.010817
 45.51  45.01 0.010783
 45.51  45.11 0.011472
 45.51  45.21 0.012376
 45.51  45.31 0.012587
 45.51  45.41 0.011472
 45.61  39.01 0.014378
 45.61  39.11 0.018996
 45.61  39.21 0.023436
 45.61  39.31 0.027830
 45.61  39.41 0.032480
 45.61  39.51 0.037223
 45.61  39.61 0.041163
 45.61  39.71 0.043205
 45.61  39.81 0.042985
 45.61  39.91 0.041315
 45.61  40.01 0.039693
 45.61  40.11 0.039276
 45.61  40.21 0.040115
 45.61  40.31 0.041174
 45.61  40.41 0.041049
 45.61  40.51 0.038906
 45.61  40.61 0.035080
 45.61  40.71 0.031006
 45.61  40.81 0.028517
 45.61  40.91 0.028807
 45.61  41.01 0.031566
 45.61  41.11 0.034905
 45.61  41.21 0.036317
 45.61  41.31 0.034199
 45.61  41.41 0.028859
 45.61  41.51 0.022274
 45.61  41.61 0.016908
 45.61  41.71 0.014539
 45.61  41.81 0.015845
 45.61  41.91 0.020703
 45.61  42.01 0.028644
 45.61  42.11 0.038937
 45.61  42.21 0.050356
 45.61  42.31 0.061092
 45.61  42.41 0.069171
 45.61  42.51 0.073191
 45.61  42.61 0.072876
 45.61  42.71 0.069091
 45.61  42.81 0.063368
 45.61  42.91 0.057178
 45.61  43.01 0.051320
 45.61  43.11 0.045794
 45.61  43.21 0.040295
 45.61  43.31 0.034929
 45.61  43.41 0.030494
 45.61  43.51 0.028045
 45.61  43.61 0.028112
 45.61  43.71 0.030182
 45.61  43.81 0.032801
 45.61  43.91 0.034220
 45.61  44.01 0.033218
 45.61  44.11 0.029687
 45.61  44.21 0.024601
 45.61  44.31 0.019402
 45.61  44.41 0.015205
 45.61  44.51 0.012371
 45.61  44.61 0.010622
 45.61  44.71 0.009488
 45.61  44.81 0.008742
 45.61  44.91 0.008521
 45.61  45.01 0.009072
 45.61  45.11 0.010319
 45.61  45.21 0.011643
 45.61  45.31 0.012155
 45.61  45.41 0.011266
 45.61  45.51 0.009090
 45.71  39.01 0.015025
 45.71  39.11 0.019261
 45.71  39.21 0.023006
 45.71  39.31 0.026371
 45.71  39.41 0.029793
 45.71  39.51 0.033437
 45.71  39.61 0.036796
 45.71  39.71 0.039010
 45.71  39.81 0.039668
 45.71  39.91 0.039272
 45.71  40.01 0.038875
 45.71  40.11 0.039216
 45.71  40.21 0.040108
 45.71  40.31 0.040573
 45.71  40.41 0.039549
 45.71  40.51 0.036654
 45.71  40.61 0.032498
 45.71  40.71 0.028432
 45.71  40.81 0.025922
 45.71  40.91 0.025842
 45.71  41.01 0.027932
 45.71  41.11 0.030694
 45.71  41.21 0.032034
 45.71  41.31 0.030429
 45.71  41.41 0.025876
 45.71  41.51 0.019885
 45.71  41.61 0.014573
 45.71  41.71 0.011629
 45.71  41.81 0.011849
 45.71  41.91 0.015323
 45.71  42.01 0.021783
 45.71  42.11 0.030657
 45.71  42.21 0.040834
 45.71  42.31 0.050561
 45.71  42.41 0.057846
 45.71  42.51 0.061241
 45.71  42.61 0.060468
 45.71  42.71 0.056481
 45.71  42.81 0.050928
 45.71  42.91 0.045347
 45.71  43.01 0.040527
 45.71  43.11 0.036374
 45.71  43.21 0.032343
 45.71  43.31 0.028176
 45.71  43.41 0.024363
 45.71  43.51 0.021965
 45.71  43.61 0.021912
 45.71  43.71 0.024275
 45.71  43.81 0.028003
 45.71  43.91 0.031315
 45.71  44.01 0.032572
 45.71  44.11 0.031092
 45.71  44.21 0.027381
 45.71  44.31 0.022643
 45.71  44.41 0.018008
 45.71  44.51 0.014076
 45.71  44.61 0.010980
 45.71  44.71 0.008707
 45.71  44.81 0.007328
 45.71  44.91 0.006994
 45.71  45.01 0.007727
 45.71  45.11 0.009187
 45.71  45.21 0.010623
 45.71  45.31 0.011178
 45.71  45.41 0.010365
 45.71  45.51 0.008353
 45.71  45.61 0.005814
 45.81  39.01 0.016376
 45.81  39.11 0.020295
 45.81  39.21 0.023394
 45.81  39.31 0.025689
 45.81  39.41 0.027614
 45.81  39.51 0.029593
 45.81  39.61 0.031626
 45.81  39.71 0.033363
 45.81  39.81 0.034571
 45.81  39.91 0.035470
 45.81  40.01 0.036521
 45.81  40.11 0.037893
 45.81  40.21 0.039152
 45.81  40.31 0.039474
 45.81  40.41 0.038191
 45.81  40.51 0.035268
 45.81  40.61 0.031388
 45.81  40.71 0.027661
 45.81  40.81 0.025173
 45.81  40.91 0.024569
 45.81  41.01 0.025720
 45.81  41.11 0.027580
 45.81  41.21 0.028516
 45.81  41.31 0.027154
 45.81  41.41 0.023244
 45.81  41.51 0.017848
 45.81  41.61 0.012712
 45.81  41.71 0.009391
 45.81  41.81 0.008757
 45.81  41.91 0.011060
 45.81  42.01 0.016140
 45.81  42.11 0.023447
 45.81  42.21 0.031860
 45.81  42.31 0.039693
 45.81  42.41 0.045155
 45.81  42.51 0.047075
 45.81  42.61 0.045418
 45.81  42.71 0.041234
 45.81  42.81 0.036088
 45.81  42.91 0.031337
 45.81  43.01 0.027627
 45.81  43.11 0.024814
 45.81  43.21 0.022320
 45.81  43.31 0.019728
 45.81  43.41 0.017250
 45.81  43.51 0.015723
 45.81  43.61 0.016094
 45.81  43.71 0.018710
 45.81  43.81 0.022890
 45.81  43.91 0.027113
 45.81  44.01 0.029760
 45.81  44.11 0.029952
 45.81  44.21 0.027870
 45.81  44.31 0.024365
 45.81  44.41 0.020303
 45.81  44.51 0.016215
 45.81  44.61 0.012425
 45.81  44.71 0.009299
 45.81  44.81 0.007282
 45.81  44.91 0.006697
 45.81  45.01 0.007487
 45.81  45.11 0.009084
 45.81  45.21 0.010560
 45.81  45.31 0.011018
 45.81  45.41 0.010061
 45.81  45.51 0.007966
 45.81  45.61 0.005451
 45.81  45.71 0.003218
 45.91  39.01 0.018359
 45.91  39.11 0.022297
 45.91  39.21 0.025186
 45.91  39.31 0.026873
 45.91  39.41 0.027609
 45.91  39.51 0.027879
 45.91  39.61 0.028140
 45.91  39.71 0.028701
 45.91  39.81 0.029769
 45.91  39.91 0.031470
 45.91  40.01 0.033699
 45.91  40.11 0.035995
 45.91  40.21 0.037637
 45.91  40.31 0.037969
 45.91  40.41 0.036715
 45.91  40.51 0.034096
 45.91  40.61 0.030749
 45.91  40.71 0.027492
 45.91  40.81 0.025092
 45.91  40.91 0.024046
 45.91  41.01 0.024356
 45.91  41.11 0.025332
 45.91  41.21 0.025730
 45.91  41.31 0.024363
 45.91  41.41 0.020875
 45.91  41.51 0.016008
 45.91  41.61 0.011176
 45.91  41.71 0.007735
 45.91  41.81 0.006528
 45.91  41.91 0.007864
 45.91  42.01 0.011647
 45.91  42.11 0.017351
 45.91  42.21 0.023899
 45.91  42.31 0.029745
 45.91  42.41 0.033364
 45.91  42.51 0.033909
 45.91  42.61 0.031583
 45.91  42.71 0.027465
 45.91  42.81 0.022933
 45.91  42.91 0.019063
 45.91  43.01 0.016305
 45.91  43.11 0.014502
 45.91  43.21 0.013167
 45.91  43.31 0.011910
 45.91  43.41 0.010791
 45.91  43.51 0.010375
 45.91  43.61 0.011404
 45.91  43.71 0.014229
 45.91  43.81 0.018380
 45.91  43.91 0.022644
 45.91  44.01 0.025670
 45.91  44.11 0.026696
 45.91  44.21 0.025817
 45.91  44.31 0.023623
 45.91  44.41 0.020645
 45.91  44.51 0.017163
 45.91  44.61 0.013461
 45.91  44.71 0.010094
 45.91  44.81 0.007807
 45.91  44.91 0.007154
 45.91  45.01 0.008120
 45.91  45.11 0.010008
 45.91  45.21 0.011690
 45.91  45.31 0.012141
 45.91  45.41 0.010969
 45.91  45.51 0.008562
 45.91  45.61 0.005764
 45.91  45.71 0.003345
 45.91  45.81 0.001674
 46.01  39.01 0.020380
 46.01  39.11 0.024877
 46.01  39.21 0.028298
 46.01  39.31 0.030240
 46.01  39.41 0.030598
 46.01  39.51 0.029681
 46.01  39.61 0.028212
 46.01  39.71 0.027142
 46.01  39.81 0.027284
 46.01  39.91 0.028914
 46.01  40.01 0.031571
 46.01  40.11 0.034259
 46.01  40.21 0.035975
 46.01  40.31 0.036188
 46.01  40.41 0.034938
 46.01  40.51 0.032619
 46.01  40.61 0.029742
 46.01  40.71 0.026837
 46.01  40.81 0.024443
 46.01  40.91 0.023010
 46.01  41.01 0.022674
 46.01  41.11 0.022995
 46.01  41.21 0.022992
 46.01  41.31 0.021643
 46.01  41.41 0.018560
 46.01  41.51 0.014268
 46.01  41.61 0.009894
 46.01  41.71 0.006568
 46.01  41.81 0.005029
 46.01  41.91 0.005590
 46.01  42.01 0.008214
 46.01  42.11 0.012485
 46.01  42.21 0.017487
 46.01  42.31 0.021885
 46.01  42.41 0.024370
 46.01  42.51 0.024254
 46.01  42.61 0.021803
 46.01  42.71 0.018023
 46.01  42.81 0.014108
 46.01  42.91 0.010920
 46.01  43.01 0.008774
 46.01  43.11 0.007529
 46.01  43.21 0.006834
 46.01  43.31 0.006411
 46.01  43.41 0.006283
 46.01  43.51 0.006824
 46.01  43.61 0.008542
 46.01  43.71 0.011644
 46.01  43.81 0.015675
 46.01  43.91 0.019578
 46.01  44.01 0.022238
 46.01  44.11 0.023123
 46.01  44.21 0.022471
 46.01  44.31 0.020867
 46.01  44.41 0.018691
 46.01  44.51 0.016003
 46.01  44.61 0.012909
 46.01  44.71 0.009916
 46.01  44.81 0.007852
 46.01  44.91 0.007417
 46.01  45.01 0.008703
 46.01  45.11 0.011011
 46.01  45.21 0.013099
 46.01  45.31 0.013789
 46.01  45.41 0.012590
 46.01  45.51 0.009915
 46.01  45.61 0.006727
 46.01  45.71 0.003932
 46.01  45.81 0.001981
 46.01  45.91 0.000861
 46.11  39.01 0.021791
 46.11  39.11 0.027314
 46.11  39.21 0.031913
 46.11  39.31 0.034869
 46.11  39.41 0.035644
 46.11  39.51 0.034241
 46.11  39.61 0.031461
 46.11  39.71 0.028724
 46.11  39.81 0.027416
 46.11  39.91 0.028117
 46.11  40.01 0.030278
 46.11  40.11 0.032610
 46.11  40.21 0.033940
 46.11  40.31 0.033832
 46.11  40.41 0.032539
 46.11  40.51 0.030512
 46.11  40.61 0.028060
 46.11  40.71 0.025403
 46.11  40.81 0.022892
 46.11  40.91 0.021011
 46.11  41.01 0.020088
 46.11  41.11 0.019928
 46.11  41.21 0.019771
 46.11  41.31 0.018713
 46.11  41.41 0.016298
 46.11  41.51 0.012815
 46.11  41.61 0.009092
 46.11  41.71 0.006031
 46.11  41.81 0.004287
 46.11  41.91 0.004203
 46.11  42.01 0.005853
 46.11  42.11 0.009002
 46.11  42.21 0.012975
 46.11  42.31 0.016669
 46.11  42.41 0.018891
 46.11  42.51 0.018917
 46.11  42.61 0.016865
 46.11  42.71 0.013580
 46.11  42.81 0.010124
 46.11  42.91 0.007274
 46.11  43.01 0.005328
 46.11  43.11 0.004218
 46.11  43.21 0.003731
 46.11  43.31 0.003709
 46.11  43.41 0.004196
 46.11  43.51 0.005469
 46.11  43.61 0.007874
 46.11  43.71 0.011455
 46.11  43.81 0.015630
 46.11  43.91 0.019268
 46.11  44.01 0.021275
 46.11  44.11 0.021282
 46.11  44.21 0.019794
 46.11  44.31 0.017668
 46.11  44.41 0.015444
 46.11  44.51 0.013157
 46.11  44.61 0.010731
 46.11  44.71 0.008434
 46.11  44.81 0.006924
 46.11  44.91 0.006870
 46.11  45.01 0.008460
 46.11  45.11 0.011125
 46.11  45.21 0.013676
 46.11  45.31 0.014853
 46.11  45.41 0.013998
 46.11  45.51 0.011395
 46.11  45.61 0.008004
 46.11  45.71 0.004854
 46.11  45.81 0.002543
 46.11  45.91 0.001151
 46.11  46.01 0.000451
 46.21  39.01 0.022464
 46.21  39.11 0.029087
 46.21  39.21 0.034918
 46.21  39.31 0.038943
 46.21  39.41 0.040315
 46.21  39.51 0.038828
 46.21  39.61 0.035290
 46.21  39.71 0.031343
 46.21  39.81 0.028681
 46.21  39.91 0.028114
 46.21  40.01 0.029164
 46.21  40.11 0.030537
 46.21  40.21 0.031101
 46.21  40.31 0.030554
 46.21  40.41 0.029282
 46.21  40.51 0.027700
 46.21  40.61 0.025850
 46.21  40.71 0.023587
 46.21  40.81 0.021026
 46.21  40.91 0.018676
 46.21  41.01 0.017108
 46.21  41.11 0.016468
 46.21  41.21 0.016297
 46.21  41.31 0.015812
 46.21  41.41 0.014418
 46.21  41.51 0.012053
 46.21  41.61 0.009159
 46.21  41.71 0.006410
 46.21  41.81 0.004445
 46.21  41.91 0.003731
 46.21  42.01 0.004526
 46.21  42.11 0.006805
 46.21  42.21 0.010140
 46.21  42.31 0.013637
 46.21  42.41 0.016168
 46.21  42.51 0.016874
 46.21  42.61 0.015615
 46.21  42.71 0.012998
 46.21  42.81 0.009951
 46.21  42.91 0.007224
 46.21  43.01 0.005187
 46.21  43.11 0.003912
 46.21  43.21 0.003356
 46.21  43.31 0.003487
 46.21  43.41 0.004373
 46.21  43.51 0.006235
 46.21  43.61 0.009323
 46.21  43.71 0.013561
 46.21  43.81 0.018196
 46.21  43.91 0.021866
 46.21  44.01 0.023295
 46.21  44.11 0.022120
 46.21  44.21 0.019118
 46.21  44.31 0.015587
 46.21  44.41 0.012471
 46.21  44.51 0.009986
 46.21  44.61 0.007947
 46.21  44.71 0.006307
 46.21  44.81 0.005384
 46.21  44.91 0.005665
 46.21  45.01 0.007387
 46.21  45.11 0.010200
 46.21  45.21 0.013126
 46.21  45.31 0.014940
 46.21  45.41 0.014793
 46.21  45.51 0.012686
 46.21  45.61 0.009413
 46.21  45.71 0.006043
 46.21  45.81 0.003357
 46.21  45.91 0.001613
 46.21  46.01 0.000671
 46.21  46.11 0.000241
 46.31  39.01 0.022994
 46.31  39.11 0.030349
 46.31  39.21 0.036754
 46.31  39.31 0.041029
 46.31  39.41 0.042342
 46.31  39.51 0.040618
 46.31  39.61 0.036765
 46.31  39.71 0.032424
 46.31  39.81 0.029197
 46.31  39.91 0.027814
 46.31  40.01 0.027822
 46.31  40.11 0.028087
 46.31  40.21 0.027721
 46.31  40.31 0.026659
 46.31  40.41 0.025427
 46.31  40.51 0.024405
 46.31  40.61 0.023391
 46.31  40.71 0.021861
 46.31  40.81 0.019590
 46.31  40.91 0.016982
 46.31  41.01 0.014802
 46.31  41.11 0.013610
 46.31  41.21 0.013376
 46.31  41.31 0.013526
 46.31  41.41 0.013315
 46.31  41.51 0.012238
 46.31  41.61 0.010255
 46.31  41.71 0.007783
 46.31  41.81 0.005496
 46.31  41.91 0.004074
 46.31  42.01 0.004006
 46.31  42.11 0.005470
 46.31  42.21 0.008233
 46.31  42.31 0.011591
 46.31  42.41 0.014514
 46.31  42.51 0.016069
 46.31  42.61 0.015881
 46.31  42.71 0.014263
 46.31  42.81 0.011903
 46.31  42.91 0.009445
 46.31  43.01 0.007308
 46.31  43.11 0.005763
 46.31  43.21 0.005013
 46.31  43.31 0.005198
 46.31  43.41 0.006406
 46.31  43.51 0.008773
 46.31  43.61 0.012453
 46.31  43.71 0.017302
 46.31  43.81 0.022448
 46.31  43.91 0.026305
 46.31  44.01 0.027329
 46.31  44.11 0.025051
 46.31  44.21 0.020439
 46.31  44.31 0.015234
 46.31  44.41 0.010858
 46.31  44.51 0.007807
 46.31  44.61 0.005852
 46.31  44.71 0.004643
 46.31  44.81 0.004120
 46.31  44.91 0.004533
 46.31  45.01 0.006144
 46.31  45.11 0.008855
 46.31  45.21 0.011991
 46.31  45.31 0.014445
 46.31  45.41 0.015192
 46.31  45.51 0.013863
 46.31  45.61 0.010952
 46.31  45.71 0.007482
 46.31  45.81 0.004417
 46.31  45.91 0.002252
 46.31  46.01 0.000990
 46.31  46.11 0.000375
 46.31  46.21 0.000123
 46.41  39.01 0.024206
 46.41  39.11 0.031793
 46.41  39.21 0.037829
 46.41  39.31 0.041140
 46.41  39.41 0.041288
 46.41  39.51 0.038734
 46.41  39.61 0.034704
 46.41  39.71 0.030730
 46.41  39.81 0.027995
 46.41  39.91 0.026785
 46.41  40.01 0.026457
 46.41  40.11 0.025999
 46.41  40.21 0.024822
 46.41  40.31 0.023167
 46.41  40.41 0.021777
 46.41  40.51 0.021125
 46.41  40.61 0.020926
 46.41  40.71 0.020366
 46.41  40.81 0.018814
 46.41  40.91 0.016374
 46.41  41.01 0.013828
 46.41  41.11 0.012091
 46.41  41.21 0.011628
 46.41  41.31 0.012191
 46.41  41.41 0.012979
 46.41  41.51 0.013074
 46.41  41.61 0.011940
 46.41  41.71 0.009701
 46.41  41.81 0.007053
 46.41  41.91 0.004892
 46.41  42.01 0.003933
 46.41  42.11 0.004510
 46.41  42.21 0.006527
 46.41  42.31 0.009457
 46.41  42.41 0.012460
 46.41  42.51 0.014689
 46.41  42.61 0.015665
 46.41  42.71 0.015406
 46.41  42.81 0.014225
 46.41  42.91 0.012479
 46.41  43.01 0.010524
 46.41  43.11 0.008821
 46.41  43.21 0.007897
 46.41  43.31 0.008129
 46.41  43.41 0.009633
 46.41  43.51 0.012394
 46.41  43.61 0.016420
 46.41  43.71 0.021526
 46.41  43.81 0.026850
 46.41  43.91 0.030735
 46.41  44.01 0.031459
 46.41  44.11 0.028404
 46.41  44.21 0.022606
 46.41  44.31 0.016112
 46.41  44.41 0.010730
 46.41  44.51 0.007205
 46.41  44.61 0.005283
 46.41  44.71 0.004345
 46.41  44.81 0.003996
 46.41  44.91 0.004275
 46.41  45.01 0.005486
 46.41  45.11 0.007793
 46.41  45.21 0.010853
 46.41  45.31 0.013733
 46.41  45.41 0.015282
 46.41  45.51 0.014771
 46.41  45.61 0.012342
 46.41  45.71 0.008895
 46.41  45.81 0.005522
 46.41  45.91 0.002950
 46.41  46.01 0.001356
 46.41  46.11 0.000535
 46.41  46.21 0.000182
 46.41  46.31 0.000053
 46.51  39.01 0.026233
 46.51  39.11 0.033752
 46.51  39.21 0.038806
 46.51  39.31 0.040324
 46.51  39.41 0.038467
 46.51  39.51 0.034483
 46.51  39.61 0.030091
 46.51  39.71 0.026760
 46.51  39.81 0.025159
 46.51  39.91 0.024975
 46.51  40.01 0.025186
 46.51  40.11 0.024721
 46.51  40.21 0.023149
 46.51  40.31 0.020947
 46.51  40.41 0.019111
 46.51  40.51 0.018372
 46.51  40.61 0.018607
 46.51  40.71 0.018916
 46.51  40.81 0.018308
 46.51  40.91 0.016451
 46.51  41.01 0.013914
 46.51  41.11 0.011783
 46.51  41.21 0.010952
 46.51  41.31 0.011561
 46.51  41.41 0.012894
 46.51  41.51 0.013788
 46.51  41.61 0.013314
 46.51  41.71 0.011312
 46.51  41.81 0.008428
 46.51  41.91 0.005686
 46.51  42.01 0.003952
 46.51  42.11 0.003656
 46.51  42.21 0.004780
 46.51  42.31 0.006956
 46.51  42.41 0.009597
 46.51  42.51 0.012091
 46.51  42.61 0.014012
 46.51  42.71 0.015160
 46.51  42.81 0.015441
 46.51  42.91 0.014801
 46.51  43.01 0.013403
 46.51  43.11 0.011811
 46.51  43.21 0.010849
 46.51  43.31 0.011158
 46.51  43.41 0.012890
 46.51  43.51 0.015847
 46.51  43.61 0.019828
 46.51  43.71 0.024616
 46.51  43.81 0.029507
 46.51  43.91 0.033018
 46.51  44.01 0.033460
 46.51  44.11 0.030114
 46.51  44.21 0.023936
 46.51  44.31 0.017040
 46.51  44.41 0.011421
 46.51  44.51 0.007962
 46.51  44.61 0.006363
 46.51  44.71 0.005763
 46.51  44.81 0.005471
 46.51  44.91 0.005369
 46.51  45.01 0.005837
 46.51  45.11 0.007320
 46.51  45.21 0.009818
 46.51  45.31 0.012628
 46.51  45.41 0.014586
 46.51  45.51 0.014713
 46.51  45.61 0.012826
 46.51  45.71 0.009625
 46.51  45.81 0.006206
 46.51  45.91 0.003436
 46.51  46.01 0.001632
 46.51  46.11 0.000665
 46.51  46.21 0.000232
 46.51  46.31 0.000070
 46.51  46.41 0.000018
 46.61  39.01 0.027977
 46.61  39.11 0.035327
 46.61  39.21 0.039368
 46.61  39.31 0.039111
 46.61  39.41 0.035240
 46.61  39.51 0.029709
 46.61  39.61 0.024723
 46.61  39.71 0.021779
 46.61  39.81 0.021198
 46.61  39.91 0.022203
 46.61  40.01 0.023419
 46.61  40.11 0.023586
 46.61  40.21 0.022205
 46.61  40.31 0.019770
 46.61  40.41 0.017430
 46.61  40.51 0.016223
 46.61  40.61 0.016369
 46.61  40.71 0.017126
 46.61  40.81 0.017330
 46.61  40.91 0.016239
 46.61  41.01 0.014069
 46.61  41.11 0.011849
 46.61  41.21 0.010710
 46.61  41.31 0.011122
 46.61  41.41 0.012562
 46.61  41.51 0.013821
 46.61  41.61 0.013764
 46.61  41.71 0.012015
 46.61  41.81 0.009115
 46.61  41.91 0.006093
 46.61  42.01 0.003864
 46.61  42.11 0.002887
 46.61  42.21 0.003178
 46.61  42.31 0.004488
 46.61  42.41 0.006460
 46.61  42.51 0.008755
 46.61  42.61 0.011096
 46.61  42.71 0.013205
 46.61  42.81 0.014698
 46.61  42.91 0.015166
 46.61  43.01 0.014527
 46.61  43.11 0.013310
 46.61  43.21 0.012490
 46.61  43.31 0.012891
 46.61  43.41 0.014698
 46.61  43.51 0.017561
 46.61  43.61 0.021070
 46.61  43.71 0.024975
 46.61  43.81 0.028820
 46.61  43.91 0.031522
 46.61  44.01 0.031678
 46.61  44.11 0.028578
 46.61  44.21 0.022977
 46.61  44.31 0.016790
 46.61  44.41 0.011938
 46.61  44.51 0.009309
 46.61  44.61 0.008532
 46.61  44.71 0.008530
 46.61  44.81 0.008351
 46.61  44.91 0.007742
 46.61  45.01 0.007176
 46.61  45.11 0.007388
 46.61  45.21 0.008736
 46.61  45.31 0.010817
 46.61  45.41 0.012603
 46.61  45.51 0.013042
 46.61  45.61 0.011717
 46.61  45.71 0.009063
 46.61  45.81 0.006019
 46.61  45.91 0.003428
 46.61  46.01 0.001673
 46.61  46.11 0.000700
 46.61  46.21 0.000251
 46.61  46.31 0.000077
 46.61  46.41 0.000020
 46.61  46.51 0.000005
 46.71  39.01 0.027666
 46.71  39.11 0.034661
 46.71  39.21 0.037986
 46.71  39.31 0.036676
 46.71  39.41 0.031643
 46.71  39.51 0.025168
 46.71  39.61 0.019697
 46.71  39.71 0.016770
 46.71  39.81 0.016600
 46.71  39.91 0.018273
 46.71  40.01 0.020300
 46.71  40.11 0.021294
 46.71  40.21 0.020562
 46.71  40.31 0.018395
 46.71  40.41 0.015866
 46.71  40.51 0.014177
 46.71  40.61 0.013898
 46.71  40.71 0.014611
 46.71  40.81 0.015233
 46.71  40.91 0.014819
 46.71  41.01 0.013261
 46.71  41.11 0.011367
 46.71  41.21 0.010270
 46.71  41.31 0.010604
 46.71  41.41 0.012025
 46.71  41.51 0.013406
 46.71  41.61 0.013571
 46.71  41.71 0.012034
 46.71  41.81 0.009237
 46.71  41.91 0.006161
 46.71  42.01 0.003701
 46.71  42.11 0.002304
 46.71  42.21 0.001985
 46.71  42.31 0.002550
 46.71  42.41 0.003789
 46.71  42.51 0.005553
 46.71  42.61 0.007717
 46.71  42.71 0.010041
 46.71  42.81 0.012058
 46.71  42.91 0.013206
 46.71  43.01 0.013223
 46.71  43.11 0.012499
 46.71  43.21 0.011947
 46.71  43.31 0.012401
 46.71  43.41 0.014067
 46.71  43.51 0.016531
 46.71  43.61 0.019261
 46.71  43.71 0.021981
 46.71  43.81 0.024477
 46.71  43.91 0.026147
 46.71  44.01 0.026048
 46.71  44.11 0.023607
 46.71  44.21 0.019339
 46.71  44.31 0.014754
 46.71  44.41 0.011472
 46.71  44.51 0.010262
 46.71  44.61 0.010689
 46.71  44.71 0.011534
 46.71  44.81 0.011637
 46.71  44.91 0.010609
 46.71  45.01 0.008986
 46.71  45.11 0.007748
 46.71  45.21 0.007590
 46.71  45.31 0.008448
 46.71  45.41 0.009554
 46.71  45.51 0.009956
 46.71  45.61 0.009125
 46.71  45.71 0.007228
 46.71  45.81 0.004919
 46.71  45.91 0.002870
 46.71  46.01 0.001435
 46.71  46.11 0.000615
 46.71  46.21 0.000225
 46.71  46.31 0.000071
 46.71  46.41 0.000019
 46.71  46.51 0.000004
 46.81  39.01 0.024228
 46.81  39.11 0.030427
 46.81  39.21 0.033257
 46.81  39.31 0.031780
 46.81  39.41 0.026819
 46.81  39.51 0.020501
 46.81  39.61 0.015131
 46.81  39.71 0.012172
 46.81  39.81 0.011877
 46.81  39.91 0.013486
 46.81  40.01 0.015700
 46.81  40.11 0.017215
 46.81  40.21 0.017215
 46.81  40.31 0.015703
 46.81  40.41 0.013472
 46.81  40.51 0.011638
 46.81  40.61 0.010948
 46.81  40.71 0.011319
 46.81  40.81 0.011954
 46.81  40.91 0.011975
 46.81  41.01 0.011112
 46.81  41.11 0.009919
 46.81  41.21 0.009352
 46.81  41.31 0.010018
 46.81  41.41 0.011649
 46.81  41.51 0.013204
 46.81  41.61 0.013531
 46.81  41.71 0.012122
 46.81  41.81 0.009379
 46.81  41.91 0.006259
 46.81  42.01 0.003654
 46.81  42.11 0.001997
 46.81  42.21 0.001288
 46.81  42.31 0.001333
 46.81  42.41 0.001957
 46.81  42.51 0.003086
 46.81  42.61 0.004682
 46.81  42.71 0.006588
 46.81  42.81 0.008422
 46.81  42.91 0.009675
 46.81  43.01 0.010042
 46.81  43.11 0.009743
 46.81  43.21 0.009466
 46.81  43.31 0.009896
 46.81  43.41 0.011224
 46.81  43.51 0.013081
 46.81  43.61 0.014946
 46.81  43.71 0.016548
 46.81  43.81 0.017827
 46.81  43.91 0.018574
 46.81  44.01 0.018308
 46.81  44.11 0.016675
 46.81  44.21 0.013990
 46.81  44.31 0.011294
 46.81  44.41 0.009785
 46.81  44.51 0.010040
 46.81  44.61 0.011615
 46.81  44.71 0.013284
 46.81  44.81 0.013793
 46.81  44.91 0.012639
 46.81  45.01 0.010330
 46.81  45.11 0.007962
 46.81  45.21 0.006463
 46.81  45.31 0.006070
 46.81  45.41 0.006316
 46.81  45.51 0.006457
 46.81  45.61 0.005970
 46.81  45.71 0.004818
 46.81  45.81 0.003350
 46.81  45.91 0.001999
 46.81  46.01 0.001022
 46.81  46.11 0.000447
 46.81  46.21 0.000168
 46.81  46.31 0.000054
 46.81  46.41 0.000015
 46.81  46.51 0.000003
 46.91  39.01 0.018271
 46.91  39.11 0.023153
 46.91  39.21 0.025471
 46.91  39.31 0.024397
 46.91  39.41 0.020484
 46.91  39.51 0.015359
 46.91  39.61 0.010850
 46.91  39.71 0.008173
 46.91  39.81 0.007622
 46.91  39.91 0.008715
 46.91  40.01 0.010525
 46.91  40.11 0.012038
 46.91  40.21 0.012496
 46.91  40.31 0.011704
 46.91  40.41 0.010109
 46.91  40.51 0.008543
 46.91  40.61 0.007702
 46.91  40.71 0.007721
 46.91  40.81 0.008147
 46.91  40.91 0.008356
 46.91  41.01 0.008096
 46.91  41.11 0.007735
 46.91  41.21 0.007988
 46.91  41.31 0.009318
 46.91  41.41 0.011437
 46.91  41.51 0.013341
 46.91  41.61 0.013901
 46.91  41.71 0.012600
 46.91  41.81 0.009839
 46.91  41.91 0.006603
 46.91  42.01 0.003823
 46.91  42.11 0.001957
 46.91  42.21 0.000996
 46.91  42.31 0.000717
 46.91  42.41 0.000916
 46.91  42.51 0.001505
 46.91  42.61 0.002457
 46.91  42.71 0.003689
 46.91  42.81 0.004961
 46.91  42.91 0.005924
 46.91  43.01 0.006337
 46.91  43.11 0.006290
 46.91  43.21 0.006204
 46.91  43.31 0.006539
 46.91  43.41 0.007440
 46.91  43.51 0.008650
 46.91  43.61 0.009767
 46.91  43.71 0.010563
 46.91  43.81 0.011040
 46.91  43.91 0.011204
 46.91  44.01 0.010897
 46.91  44.11 0.009968
 46.91  44.21 0.008605
 46.91  44.31 0.007447
 46.91  44.41 0.007275
 46.91  44.51 0.008476
 46.91  44.61 0.010666
 46.91  44.71 0.012775
 46.91  44.81 0.013631
 46.91  44.91 0.012677
 46.91  45.01 0.010301
 46.91  45.11 0.007526
 46.91  45.21 0.005330
 46.91  45.31 0.004127
 46.91  45.41 0.003711
 46.91  45.51 0.003570
 46.91  45.61 0.003271
 46.91  45.71 0.002670
 46.91  45.81 0.001892
 46.91  45.91 0.001153
 46.91  46.01 0.000602
 46.91  46.11 0.000269
 46.91  46.21 0.000103
 46.91  46.31 0.000034
 46.91  46.41 0.000010
 46.91  46.51 0.000002
 47.01  39.01 0.011682
 47.01  39.11 0.014992
 47.01  39.21 0.016682
 47.01  39.31 0.016130
 47.01  39.41 0.013613
 47.01  39.51 0.010160
 47.01  39.61 0.006990
 47.01  39.71 0.004956
 47.01  39.81 0.004326
 47.01  39.91 0.004864
 47.01  40.01 0.006024
 47.01  40.11 0.007154
 47.01  40.21 0.007702
 47.01  40.31 0.007422
 47.01  40.41 0.006497
 47.01  40.51 0.005426
 47.01  40.61 0.004710
 47.01  40.71 0.004544
 47.01  40.81 0.004744
 47.01  40.91 0.004974
 47.01  41.01 0.005100
 47.01  41.11 0.005385
 47.01  41.21 0.006335
 47.01  41.31 0.008255
 47.01  41.41 0.010826
 47.01  41.51 0.013085
 47.01  41.61 0.013935
 47.01  41.71 0.012839
 47.01  41.81 0.010168
 47.01  41.91 0.006907
 47.01  42.01 0.004027
 47.01  42.11 0.002030
 47.01  42.21 0.000922
 47.01  42.31 0.000464
 47.01  42.41 0.000417
 47.01  42.51 0.000646
 47.01  42.61 0.001106
 47.01  42.71 0.001746
 47.01  42.81 0.002446
 47.01  42.91 0.003018
 47.01  43.01 0.003314
 47.01  43.11 0.003358
 47.01  43.21 0.003360
 47.01  43.31 0.003573
 47.01  43.41 0.004089
 47.01  43.51 0.004763
 47.01  43.61 0.005346
 47.01  43.71 0.005684
 47.01  43.81 0.005785
 47.01  43.91 0.005713
 47.01  44.01 0.005466
 47.01  44.11 0.005016
 47.01  44.21 0.004479
 47.01  44.31 0.004210
 47.01  44.41 0.004665
 47.01  44.51 0.006083
 47.01  44.61 0.008189
 47.01  44.71 0.010193
 47.01  44.81 0.011161
 47.01  44.91 0.010577
 47.01  45.01 0.008671
 47.01  45.11 0.006233
 47.01  45.21 0.004095
 47.01  45.31 0.002699
 47.01  45.41 0.002009
 47.01  45.51 0.001717
 47.01  45.61 0.001509
 47.01  45.71 0.001231
 47.01  45.81 0.000884
 47.01  45.91 0.000549
 47.01  46.01 0.000293
 47.01  46.11 0.000134
 47.01  46.21 0.000052
 47.01  46.31 0.000018
 47.01  46.41 0.000005
 47.01  46.51 0.000001
 47.11  39.01 0.006278
 47.11  39.11 0.008174
 47.11  39.21 0.009224
 47.11  39.31 0.009034
 47.11  39.41 0.007706
 47.11  39.51 0.005778
 47.11  39.61 0.003929
 47.11  39.71 0.002661
 47.11  39.81 0.002165
 47.11  39.91 0.002349
 47.11  40.01 0.002946
 47.11  40.11 0.003609
 47.11  40.21 0.004013
 47.11  40.31 0.003974
 47.11  40.41 0.003533
 47.11  40.51 0.002934
 47.11  40.61 0.002465
 47.11  40.71 0.002281
 47.11  40.81 0.002342
 47.11  40.91 0.002520
 47.11  41.01 0.002790
 47.11  41.11 0.003360
 47.11  41.21 0.004582
 47.11  41.31 0.006648
 47.11  41.41 0.009264
 47.11  41.51 0.011593
 47.11  41.61 0.012643
 47.11  41.71 0.011881
 47.11  41.81 0.009582
 47.11  41.91 0.006622
 47.11  42.01 0.003921
 47.11  42.11 0.001993
 47.11  42.21 0.000881
 47.11  42.31 0.000367
 47.11  42.41 0.000208
 47.11  42.51 0.000250
 47.11  42.61 0.000424
 47.11  42.71 0.000694
 47.11  42.81 0.001005
 47.11  42.91 0.001275
 47.11  43.01 0.001434
 47.11  43.11 0.001481
 47.11  43.21 0.001504
 47.11  43.31 0.001614
 47.11  43.41 0.001860
 47.11  43.51 0.002178
 47.11  43.61 0.002443
 47.11  43.71 0.002569
 47.11  43.81 0.002557
 47.11  43.91 0.002458
 47.11  44.01 0.002307
 47.11  44.11 0.002121
 47.11  44.21 0.001971
 47.11  44.31 0.002038
 47.11  44.41 0.002561
 47.11  44.51 0.003677
 47.11  44.61 0.005230
 47.11  44.71 0.006730
 47.11  44.81 0.007553
 47.11  44.91 0.007308
 47.11  45.01 0.006086
 47.11  45.11 0.004388
 47.11  45.21 0.002798
 47.11  45.31 0.001667
 47.11  45.41 0.001036
 47.11  45.51 0.000744
 47.11  45.61 0.000597
 47.11  45.71 0.000475
 47.11  45.81 0.000343
 47.11  45.91 0.000216
 47.11  46.01 0.000118
 47.11  46.11 0.000055
 47.11  46.21 0.000022
 47.11  46.31 0.000008
 47.11  46.41 0.000002
 47.21  39.01 0.002821
 47.21  39.11 0.003731
 47.21  39.21 0.004275
 47.21  39.31 0.004249
 47.21  39.41 0.003675
 47.21  39.51 0.002788
 47.21  39.61 0.001905
 47.21  39.71 0.001276
 47.21  39.81 0.001005
 47.21  39.91 0.001064
 47.21  40.01 0.001333
 47.21  40.11 0.001651
 47.21  40.21 0.001861
 47.21  40.31 0.001863
 47.21  40.41 0.001664
 47.21  40.51 0.001367
 47.21  40.61 0.001109
 47.21  40.71 0.000977
 47.21  40.81 0.000981
 47.21  40.91 0.001092
 47.21  41.01 0.001339
 47.21  41.11 0.001880
 47.21  41.21 0.002950
 47.21  41.31 0.004678
 47.21  41.41 0.006849
 47.21  41.51 0.008840
 47.21  41.61 0.009873
 47.21  41.71 0.009477
 47.21  41.81 0.007798
 47.21  41.91 0.005497
 47.21  42.01 0.003318
 47.21  42.11 0.001716
 47.21  42.21 0.000763
 47.21  42.31 0.000300
 47.21  42.41 0.000124
 47.21  42.51 0.000094
 47.21  42.61 0.000140
 47.21  42.71 0.000230
 47.21  42.81 0.000343
 47.21  42.91 0.000446
 47.21  43.01 0.000513
 47.21  43.11 0.000540
 47.21  43.21 0.000555
 47.21  43.31 0.000602
 47.21  43.41 0.000700
 47.21  43.51 0.000826
 47.21  43.61 0.000930
 47.21  43.71 0.000972
 47.21  43.81 0.000951
 47.21  43.91 0.000891
 47.21  44.01 0.000819
 47.21  44.11 0.000754
 47.21  44.21 0.000735
 47.21  44.31 0.000844
 47.21  44.41 0.001196
 47.21  44.51 0.001862
 47.21  44.61 0.002771
 47.21  44.71 0.003672
 47.21  44.81 0.004221
 47.21  44.91 0.004172
 47.21  45.01 0.003540
 47.21  45.11 0.002586
 47.21  45.21 0.001642
 47.21  45.31 0.000933
 47.21  45.41 0.000510
 47.21  45.51 0.000302
 47.21  45.61 0.000208
 47.21  45.71 0.000155
 47.21  45.81 0.000111
 47.21  45.91 0.000071
 47.21  46.01 0.000039
 47.21  46.11 0.000019
 47.21  46.21 0.000008
 47.21  46.31 0.000003
 47.31  39.01 0.001057
 47.31  39.11 0.001421
 47.31  39.21 0.001654
 47.31  39.31 0.001672
 47.31  39.41 0.001475
 47.31  39.51 0.001152
 47.31  39.61 0.000836
 47.31  39.71 0.000636
 47.31  39.81 0.000601
 47.31  39.91 0.000709
 47.31  40.01 0.000887
 47.31  40.11 0.001042
 47.31  40.21 0.001099
 47.31  40.31 0.001028
 47.31  40.41 0.000857
 47.31  40.51 0.000652
 47.31  40.61 0.000480
 47.31  40.71 0.000380
 47.31  40.81 0.000358
 47.31  40.91 0.000411
 47.31  41.01 0.000570
 47.31  41.11 0.000936
 47.31  41.21 0.001652
 47.31  41.31 0.002802
 47.31  41.41 0.004268
 47.31  41.51 0.005663
 47.31  41.61 0.006474
 47.31  41.71 0.006349
 47.31  41.81 0.005336
 47.31  41.91 0.003840
 47.31  42.01 0.002366
 47.31  42.11 0.001249
 47.31  42.21 0.000565
 47.31  42.31 0.000221
 47.31  42.41 0.000080
 47.31  42.51 0.000038
 47.31  42.61 0.000041
 47.31  42.71 0.000064
 47.31  42.81 0.000097
 47.31  42.91 0.000129
 47.31  43.01 0.000151
 47.31  43.11 0.000162
 47.31  43.21 0.000169
 47.31  43.31 0.000186
 47.31  43.41 0.000218
 47.31  43.51 0.000259
 47.31  43.61 0.000294
 47.31  43.71 0.000307
 47.31  43.81 0.000297
 47.31  43.91 0.000272
 47.31  44.01 0.000245
 47.31  44.11 0.000226
 47.31  44.21 0.000232
 47.31  44.31 0.000299
 47.31  44.41 0.000472
 47.31  44.51 0.000786
 47.31  44.61 0.001215
 47.31  44.71 0.001655
 47.31  44.81 0.001947
 47.31  44.91 0.001966
 47.31  45.01 0.001703
 47.31  45.11 0.001266
 47.31  45.21 0.000811
 47.31  45.31 0.000455
 47.31  45.41 0.000232
 47.31  45.51 0.000118
 47.31  45.61 0.000067
 47.31  45.71 0.000044
 47.31  45.81 0.000030
 47.31  45.91 0.000019
 47.31  46.01 0.000011
 47.31  46.11 0.000005
 47.31  46.21 0.000002
 47.41  39.01 0.000330
 47.41  39.11 0.000451
 47.41  39.21 0.000535
 47.41  39.31 0.000554
 47.41  39.41 0.000513
 47.41  39.51 0.000454
 47.41  39.61 0.000442
 47.41  39.71 0.000540
 47.41  39.81 0.000772
 47.41  39.91 0.001095
 47.41  40.01 0.001402
 47.41  40.11 0.001571
 47.41  40.21 0.001524
 47.41  40.31 0.001281
 47.41  40.41 0.000937
 47.41  40.51 0.000603
 47.41  40.61 0.000352
 47.41  40.71 0.000203
 47.41  40.81 0.000141
 47.41  40.91 0.000144
 47.41  41.01 0.000218
 47.41  41.11 0.000409
 47.41  41.21 0.000789
 47.41  41.31 0.001409
 47.41  41.41 0.002216
 47.41  41.51 0.003016
 47.41  41.61 0.003526
 47.41  41.71 0.003534
 47.41  41.81 0.003034
 47.41  41.91 0.002230
 47.41  42.01 0.001403
 47.41  42.11 0.000756
 47.41  42.21 0.000349
 47.41  42.31 0.000138
 47.41  42.41 0.000048
 47.41  42.51 0.000017
 47.41  42.61 0.000011
 47.41  42.71 0.000015
 47.41  42.81 0.000023
 47.41  42.91 0.000031
 47.41  43.01 0.000037
 47.41  43.11 0.000040
 47.41  43.21 0.000043
 47.41  43.31 0.000047
 47.41  43.41 0.000056
 47.41  43.51 0.000067
 47.41  43.61 0.000077
 47.41  43.71 0.000081
 47.41  43.81 0.000077
 47.41  43.91 0.000070
 47.41  44.01 0.000062
 47.41  44.11 0.000057
 47.41  44.21 0.000063
 47.41  44.31 0.000090
 47.41  44.41 0.000157
 47.41  44.51 0.000276
 47.41  44.61 0.000441
 47.41  44.71 0.000616
 47.41  44.81 0.000741
 47.41  44.91 0.000764
 47.41  45.01 0.000676
 47.41  45.11 0.000513
 47.41  45.21 0.000334
 47.41  45.31 0.000188
 47.41  45.41 0.000093
 47.41  45.51 0.000043
 47.41  45.61 0.000021
 47.41  45.71 0.000011
 47.41  45.81 0.000007
 47.41  45.91 0.000004
 47.41  46.01 0.000002
 47.41  46.11 0.000001
 47.51  39.01 0.000086
 47.51  39.11 0.000120
 47.51  39.21 0.000147
 47.51  39.31 0.000164
 47.51  39.41 0.000187
 47.51  39.51 0.000257
 47.51  39.61 0.000444
 47.51  39.71 0.000825
 47.51  39.81 0.001428
 47.51  39.91 0.002174
 47.51  40.01 0.002858
 47.51  40.11 0.003225
 47.51  40.21 0.003122
 47.51  40.31 0.002590
 47.51  40.41 0.001844
 47.51  40.51 0.001129
 47.51  40.61 0.000596
 47.51  40.71 0.000277
 47.51  40.81 0.000122
 47.51  40.91 0.000069
 47.51  41.01 0.000080
 47.51  41.11 0.000155
 47.51  41.21 0.000318
 47.51  41.31 0.000590
 47.51  41.41 0.000954
 47.51  41.51 0.001329
 47.51  41.61 0.001589
 47.51  41.71 0.001627
 47.51  41.81 0.001427
 47.51  41.91 0.001072
 47.51  42.01 0.000689
 47.51  42.11 0.000379
 47.51  42.21 0.000179
 47.51  42.31 0.000072
 47.51  42.41 0.000025
 47.51  42.51 0.000008
 47.51  42.61 0.000003
 47.51  42.71 0.000003
 47.51  42.81 0.000004
 47.51  42.91 0.000006
 47.51  43.01 0.000007
 47.51  43.11 0.000008
 47.51  43.21 0.000009
 47.51  43.31 0.000010
 47.51  43.41 0.000012
 47.51  43.51 0.000014
 47.51  43.61 0.000017
 47.51  43.71 0.000018
 47.51  43.81 0.000017
 47.51  43.91 0.000015
 47.51  44.01 0.000013
 47.51  44.11 0.000012
 47.51  44.21 0.000014
 47.51  44.31 0.000023
 47.51  44.41 0.000044
 47.51  44.51 0.000080
 47.51  44.61 0.000132
 47.51  44.71 0.000189
 47.51  44.81 0.000233
 47.51  44.91 0.000245
 47.51  45.01 0.000222
 47.51  45.11 0.000171
 47.51  45.21 0.000114
 47.51  45.31 0.000065
 47.51  45.41 0.000032
 47.51  45.51 0.000014
 47.51  45.61 0.000006
 47.51  45.71 0.000003
 47.51  45.81 0.000001
 47.61  39.01 0.000019
 47.61  39.11 0.000027
 47.61  39.21 0.000038
 47.61  39.31 0.000058
 47.61  39.41 0.000115
 47.61  39.51 0.000272
 47.61  39.61 0.000636
 47.61  39.71 0.001337
 47.61  39.81 0.002439
 47.61  39.91 0.003825
 47.61  40.01 0.005141
 47.61  40.11 0.005919
 47.61  40.21 0.005835
 47.61  40.31 0.004925
 47.61  40.41 0.003560
 47.61  40.51 0.002204
 47.61  40.61 0.001169
 47.61  40.71 0.000532
 47.61  40.81 0.000210
 47.61  40.91 0.000077
 47.61  41.01 0.000040
 47.61  41.11 0.000054
 47.61  41.21 0.000108
 47.61  41.31 0.000205
 47.61  41.41 0.000339
 47.61  41.51 0.000484
 47.61  41.61 0.000591
 47.61  41.71 0.000619
 47.61  41.81 0.000554
 47.61  41.91 0.000425
 47.61  42.01 0.000279
 47.61  42.11 0.000157
 47.61  42.21 0.000076
 47.61  42.31 0.000031
 47.61  42.41 0.000011
 47.61  42.51 0.000003
 47.61  42.61 0.000001
 47.61  43.01 0.000001
 47.61  43.11 0.000001
 47.61  43.21 0.000002
 47.61  43.31 0.000002
 47.61  43.41 0.000002
 47.61  43.51 0.000003
 47.61  43.61 0.000003
 47.61  43.71 0.000003
 47.61  43.81 0.000003
 47.61  43.91 0.000003
 47.61  44.01 0.000002
 47.61  44.11 0.000002
 47.61  44.21 0.000003
 47.61  44.31 0.000005
 47.61  44.41 0.000010
 47.61  44.51 0.000019
 47.61  44.61 0.000033
 47.61  44.71 0.000048
 47.61  44.81 0.000060
 47.61  44.91 0.000065
 47.61  45.01 0.000060
 47.61  45.11 0.000047
 47.61  45.21 0.000032
 47.61  45.31 0.000019
 47.61  45.41 0.000009
 47.61  45.51 0.000004
 47.61  45.61 0.000002
 47.71  39.01 0.000004
 47.71  39.11 0.000006
 47.71  39.21 0.000014
 47.71  39.31 0.000038
 47.71  39.41 0.000117
 47.71  39.51 0.000337
 47.71  39.61 0.000853
 47.71  39.71 0.001863
 47.71  39.81 0.003489
 47.71  39.91 0.005597
 47.71  40.01 0.007687
 47.71  40.11 0.009040
 47.71  40.21 0.009102
 47.71  40.31 0.007845
 47.71  40.41 0.005790
 47.71  40.51 0.003658
 47.71  40.61 0.001979
 47.71  40.71 0.000917
 47.71  40.81 0.000364
 47.71  40.91 0.000125
 47.71  41.01 0.000041
 47.71  41.11 0.000022
 47.71  41.21 0.000032
 47.71  41.31 0.000059
 47.71  41.41 0.000100
 47.71  41.51 0.000145
 47.71  41.61 0.000181
 47.71  41.71 0.000194
 47.71  41.81 0.000178
 47.71  41.91 0.000139
 47.71  42.01 0.000093
 47.71  42.11 0.000054
 47.71  42.21 0.000026
 47.71  42.31 0.000011
 47.71  42.41 0.000004
 47.71  42.51 0.000001
 47.71  44.41 0.000002
 47.71  44.51 0.000004
 47.71  44.61 0.000007
 47.71  44.71 0.000010
 47.71  44.81 0.000013
 47.71  44.91 0.000014
 47.71  45.01 0.000013
 47.71  45.11 0.000011
 47.71  45.21 0.000007
 47.71  45.31 0.000004
 47.71  45.41 0.000002
 47.81  39.11 0.000002
 47.81  39.21 0.000009
 47.81  39.31 0.000035
 47.81  39.41 0.000122
 47.81  39.51 0.000370
 47.81  39.61 0.000964
 47.81  39.71 0.002155
 47.81  39.81 0.004125
 47.81  39.91 0.006762
 47.81  40.01 0.009489
 47.81  40.11 0.011400
 47.81  40.21 0.011726
 47.81  40.31 0.010325
 47.81  40.41 0.007784
 47.81  40.51 0.005024
 47.81  40.61 0.002776
 47.81  40.71 0.001313
 47.81  40.81 0.000532
 47.81  40.91 0.000185
 47.81  41.01 0.000056
 47.81  41.11 0.000017
 47.81  41.21 0.000010
 47.81  41.31 0.000014
 47.81  41.41 0.000024
 47.81  41.51 0.000036
 47.81  41.61 0.000046
 47.81  41.71 0.000050
 47.81  41.81 0.000047
 47.81  41.91 0.000038
 47.81  42.01 0.000026
 47.81  42.11 0.000015
 47.81  42.21 0.000008
 47.81  42.31 0.000003
 47.81  42.41 0.000001
 47.81  44.61 0.000001
 47.81  44.71 0.000002
 47.81  44.81 0.000002
 47.81  44.91 0.000003
 47.81  45.01 0.000002
 47.81  45.11 0.000002
 47.81  45.21 0.000001
 47.91  39.11 0.000001
 47.91  39.21 0.000007
 47.91  39.31 0.000030
 47.91  39.41 0.000108
 47.91  39.51 0.000338
 47.91  39.61 0.000901
 47.91  39.71 0.002057
 47.91  39.81 0.004024
 47.91  39.91 0.006739
 47.91  40.01 0.009662
 47.91  40.11 0.011859
 47.91  40.21 0.012461
 47.91  40.31 0.011210
 47.91  40.41 0.008634
 47.91  40.51 0.005693
 47.91  40.61 0.003213
 47.91  40.71 0.001553
 47.91  40.81 0.000643
 47.91  40.91 0.000228
 47.91  41.01 0.000069
 47.91  41.11 0.000018
 47.91  41.21 0.000005
 47.91  41.31 0.000003
 47.91  41.41 0.000005
 47.91  41.51 0.000007
 47.91  41.61 0.000010
 47.91  41.71 0.000011
 47.91  41.81 0.000010
 47.91  41.91 0.000008
 47.91  42.01 0.000006
 47.91  42.11 0.000004
 47.91  42.21 0.000002
 48.01  39.21 0.000005
 48.01  39.31 0.000022
 48.01  39.41 0.000080
 48.01  39.51 0.000255
 48.01  39.61 0.000694
 48.01  39.71 0.001620
 48.01  39.81 0.003238
 48.01  39.91 0.005540
 48.01  40.01 0.008114
 48.01  40.11 0.010175
 48.01  40.21 0.010923
 48.01  40.31 0.010039
 48.01  40.41 0.007899
 48.01  40.51 0.005321
 48.01  40.61 0.003068
 48.01  40.71 0.001515
 48.01  40.81 0.000640
 48.01  40.91 0.000232
 48.01  41.01 0.000072
 48.01  41.11 0.000019
 48.01  41.21 0.000005
 48.01  41.31 0.000001
 48.01  41.51 0.000001
 48.01  41.61 0.000002
 48.01  41.71 0.000002
 48.01  41.81 0.000002
 48.01  41.91 0.000002
 48.01  42.01 0.000001
